# PixType format: 
# Par.  1: pixel type (here always 1) 
#       2: PMT type (must be 0) 
#       3: cathode shape type 
#       4: visible cathode diameter [cm] 
#       5: funnel shape type (see above) 
Pixel     0 1   -14.4338    -5.0000   0 0  3 0x010 1
Pixel     1 1   -10.1036    -2.5000   0 0  1 0x010 1
Pixel     2 1   -14.4338     0.0000   0 0  2 0x010 1
Pixel     3 1   -10.1036     2.5000   0 0  0 0x010 1
Pixel     4 1   -10.1036   -12.5000   0 0  7 0x010 1
Pixel     5 1    -5.7735   -10.0000   0 0  5 0x010 1
Pixel     6 1   -10.1036    -7.5000   0 0  6 0x010 1
Pixel     7 1    -5.7735    -5.0000   0 0  4 0x010 1
Pixel     8 1   -10.1036     7.5000   0 0 11 0x010 1
Pixel     9 1    -1.4434    -2.5000   0 0  9 0x010 1
Pixel    10 1    -5.7735     5.0000   0 0 10 0x010 1
Pixel    11 1    -5.7735     0.0000   0 0  8 0x010 1
Pixel    12 1   -23.0940   -20.0000   1 0  3 0x011 1
Pixel    13 1   -18.7639   -17.5000   1 0  1 0x011 1
Pixel    14 1   -23.0940   -15.0000   1 0  2 0x011 1
Pixel    15 1   -18.7639   -12.5000   1 0  0 0x011 1
Pixel    16 1   -18.7639   -27.5000   1 0  7 0x011 1
Pixel    17 1   -14.4338   -25.0000   1 0  5 0x011 1
Pixel    18 1   -18.7639   -22.5000   1 0  6 0x011 1
Pixel    19 1   -14.4338   -20.0000   1 0  4 0x011 1
Pixel    20 1   -18.7639    -7.5000   1 0 11 0x011 1
Pixel    21 1   -10.1036   -17.5000   1 0  9 0x011 1
Pixel    22 1   -14.4338   -10.0000   1 0 10 0x011 1
Pixel    23 1   -14.4338   -15.0000   1 0  8 0x011 1
Pixel    24 1   -23.0940    10.0000   2 0  3 0x012 1
Pixel    25 1   -18.7639    12.5000   2 0  1 0x012 1
Pixel    26 1   -23.0940    15.0000   2 0  2 0x012 1
Pixel    27 1   -18.7639    17.5000   2 0  0 0x012 1
Pixel    28 1   -18.7639     2.5000   2 0  7 0x012 1
Pixel    29 1   -14.4338     5.0000   2 0  5 0x012 1
Pixel    30 1   -18.7639     7.5000   2 0  6 0x012 1
Pixel    31 1   -14.4338    10.0000   2 0  4 0x012 1
Pixel    32 1   -18.7639    22.5000   2 0 11 0x012 1
Pixel    33 1   -10.1036    12.5000   2 0  9 0x012 1
Pixel    34 1   -14.4338    20.0000   2 0 10 0x012 1
Pixel    35 1   -14.4338    15.0000   2 0  8 0x012 1
Pixel    36 1   -31.7543    -5.0000   3 0  3 0x013 1
Pixel    37 1   -27.4241    -2.5000   3 0  1 0x013 1
Pixel    38 1   -31.7543     0.0000   3 0  2 0x013 1
Pixel    39 1   -27.4241     2.5000   3 0  0 0x013 1
Pixel    40 1   -27.4241   -12.5000   3 0  7 0x013 1
Pixel    41 1   -23.0940   -10.0000   3 0  5 0x013 1
Pixel    42 1   -27.4241    -7.5000   3 0  6 0x013 1
Pixel    43 1   -23.0940    -5.0000   3 0  4 0x013 1
Pixel    44 1   -27.4241     7.5000   3 0 11 0x013 1
Pixel    45 1   -18.7639    -2.5000   3 0  9 0x013 1
Pixel    46 1   -23.0940     5.0000   3 0 10 0x013 1
Pixel    47 1   -23.0940     0.0000   3 0  8 0x013 1
Pixel    48 1   -31.7543    25.0000   4 0  3 0x014 1
Pixel    49 1   -27.4241    27.5000   4 0  1 0x014 1
Pixel    50 1   -31.7543    30.0000   4 0  2 0x014 1
Pixel    51 1   -27.4241    32.5000   4 0  0 0x014 1
Pixel    52 1   -27.4241    17.5000   4 0  7 0x014 1
Pixel    53 1   -23.0940    20.0000   4 0  5 0x014 1
Pixel    54 1   -27.4241    22.5000   4 0  6 0x014 1
Pixel    55 1   -23.0940    25.0000   4 0  4 0x014 1
Pixel    56 1   -27.4241    37.5000   4 0 11 0x014 1
Pixel    57 1   -18.7639    27.5000   4 0  9 0x014 1
Pixel    58 1   -23.0940    35.0000   4 0 10 0x014 1
Pixel    59 1   -23.0940    30.0000   4 0  8 0x014 1
Pixel    60 1   -40.4145    10.0000   5 0  3 0x015 1
Pixel    61 1   -36.0844    12.5000   5 0  1 0x015 1
Pixel    62 1   -40.4145    15.0000   5 0  2 0x015 1
Pixel    63 1   -36.0844    17.5000   5 0  0 0x015 1
Pixel    64 1   -36.0844     2.5000   5 0  7 0x015 1
Pixel    65 1   -31.7543     5.0000   5 0  5 0x015 1
Pixel    66 1   -36.0844     7.5000   5 0  6 0x015 1
Pixel    67 1   -31.7543    10.0000   5 0  4 0x015 1
Pixel    68 1   -36.0844    22.5000   5 0 11 0x015 1
Pixel    69 1   -27.4241    12.5000   5 0  9 0x015 1
Pixel    70 1   -31.7543    20.0000   5 0 10 0x015 1
Pixel    71 1   -31.7543    15.0000   5 0  8 0x015 1
Pixel    72 1   -40.4145    40.0000   6 0  3 0x016 1
Pixel    73 1   -36.0844    42.5000   6 0  1 0x016 1
Pixel    74 1   -40.4145    45.0000   6 0  2 0x016 1
Pixel    75 1   -36.0844    47.5000   6 0  0 0x016 1
Pixel    76 1   -36.0844    32.5000   6 0  7 0x016 1
Pixel    77 1   -31.7543    35.0000   6 0  5 0x016 1
Pixel    78 1   -36.0844    37.5000   6 0  6 0x016 1
Pixel    79 1   -31.7543    40.0000   6 0  4 0x016 1
Pixel    80 1   -36.0844    52.5000   6 0 11 0x016 1
Pixel    81 1   -27.4241    42.5000   6 0  9 0x016 1
Pixel    82 1   -31.7543    50.0000   6 0 10 0x016 1
Pixel    83 1   -31.7543    45.0000   6 0  8 0x016 1
Pixel    84 1   -49.0748    25.0000   7 0  3 0x017 1
Pixel    85 1   -44.7446    27.5000   7 0  1 0x017 1
Pixel    86 1   -49.0748    30.0000   7 0  2 0x017 1
Pixel    87 1   -44.7446    32.5000   7 0  0 0x017 1
Pixel    88 1   -44.7446    17.5000   7 0  7 0x017 1
Pixel    89 1   -40.4145    20.0000   7 0  5 0x017 1
Pixel    90 1   -44.7446    22.5000   7 0  6 0x017 1
Pixel    91 1   -40.4145    25.0000   7 0  4 0x017 1
Pixel    92 1   -44.7446    37.5000   7 0 11 0x017 1
Pixel    93 1   -36.0844    27.5000   7 0  9 0x017 1
Pixel    94 1   -40.4145    35.0000   7 0 10 0x017 1
Pixel    95 1   -40.4145    30.0000   7 0  8 0x017 1
Pixel    96 1   -49.0748    55.0000   8 0  3 0x018 1
Pixel    97 1   -44.7446    57.5000   8 0  1 0x018 1
Pixel    98 1   -49.0748    60.0000   8 0  2 0x018 1
Pixel    99 1   -44.7446    62.5000   8 0  0 0x018 1
Pixel   100 1   -44.7446    47.5000   8 0  7 0x018 1
Pixel   101 1   -40.4145    50.0000   8 0  5 0x018 1
Pixel   102 1   -44.7446    52.5000   8 0  6 0x018 1
Pixel   103 1   -40.4145    55.0000   8 0  4 0x018 1
Pixel   104 1   -44.7446    67.5000   8 0 11 0x018 1
Pixel   105 1   -36.0844    57.5000   8 0  9 0x018 1
Pixel   106 1   -40.4145    65.0000   8 0 10 0x018 1
Pixel   107 1   -40.4145    60.0000   8 0  8 0x018 1
Pixel   108 1   -57.7350    40.0000   9 0  3 0x019 1
Pixel   109 1   -53.4049    42.5000   9 0  1 0x019 1
Pixel   110 1   -57.7350    45.0000   9 0  2 0x019 1
Pixel   111 1   -53.4049    47.5000   9 0  0 0x019 1
Pixel   112 1   -53.4049    32.5000   9 0  7 0x019 1
Pixel   113 1   -49.0748    35.0000   9 0  5 0x019 1
Pixel   114 1   -53.4049    37.5000   9 0  6 0x019 1
Pixel   115 1   -49.0748    40.0000   9 0  4 0x019 1
Pixel   116 1   -53.4049    52.5000   9 0 11 0x019 1
Pixel   117 1   -44.7446    42.5000   9 0  9 0x019 1
Pixel   118 1   -49.0748    50.0000   9 0 10 0x019 1
Pixel   119 1   -49.0748    45.0000   9 0  8 0x019 1
Pixel   120 1   -57.7350    70.0000  10 0  3 0x01a 1
Pixel   121 1   -53.4049    72.5000  10 0  1 0x01a 1
Pixel   122 1   -57.7350    75.0000  10 0  2 0x01a 1
Pixel   123 1   -53.4049    77.5000  10 0  0 0x01a 1
Pixel   124 1   -53.4049    62.5000  10 0  7 0x01a 1
Pixel   125 1   -49.0748    65.0000  10 0  5 0x01a 1
Pixel   126 1   -53.4049    67.5000  10 0  6 0x01a 1
Pixel   127 1   -49.0748    70.0000  10 0  4 0x01a 1
Pixel   128 1   -53.4049    82.5000  10 0 11 0x01a 1
Pixel   129 1   -44.7446    72.5000  10 0  9 0x01a 1
Pixel   130 1   -49.0748    80.0000  10 0 10 0x01a 1
Pixel   131 1   -49.0748    75.0000  10 0  8 0x01a 1
Pixel   132 1   -66.3953    55.0000  11 0  3 0x01b 1
Pixel   133 1   -62.0652    57.5000  11 0  1 0x01b 1
Pixel   134 1   -66.3953    60.0000  11 0  2 0x01b 1
Pixel   135 1   -62.0652    62.5000  11 0  0 0x01b 1
Pixel   136 1   -62.0652    47.5000  11 0  7 0x01b 1
Pixel   137 1   -57.7350    50.0000  11 0  5 0x01b 1
Pixel   138 1   -62.0652    52.5000  11 0  6 0x01b 1
Pixel   139 1   -57.7350    55.0000  11 0  4 0x01b 1
Pixel   140 1   -62.0652    67.5000  11 0 11 0x01b 1
Pixel   141 1   -53.4049    57.5000  11 0  9 0x01b 1
Pixel   142 1   -57.7350    65.0000  11 0 10 0x01b 1
Pixel   143 1   -57.7350    60.0000  11 0  8 0x01b 1
Pixel   144 1   -66.3953    85.0000  12 0  3 0x01c 1
Pixel   145 1   -62.0652    87.5000  12 0  1 0x01c 1
Pixel   146 1   -66.3953    90.0000  12 0  2 0x01c 1
Pixel   147 1   -62.0652    92.5000  12 0  0 0x01c 1
Pixel   148 1   -62.0652    77.5000  12 0  7 0x01c 1
Pixel   149 1   -57.7350    80.0000  12 0  5 0x01c 1
Pixel   150 1   -62.0652    82.5000  12 0  6 0x01c 1
Pixel   151 1   -57.7350    85.0000  12 0  4 0x01c 1
Pixel   152 1   -62.0652    97.5000  12 0 11 0x01c 1
Pixel   153 1   -53.4049    87.5000  12 0  9 0x01c 1
Pixel   154 1   -57.7350    95.0000  12 0 10 0x01c 1
Pixel   155 1   -57.7350    90.0000  12 0  8 0x01c 1
Pixel   156 1   -75.0555    70.0000  13 0  3 0x01d 1
Pixel   157 1   -70.7254    72.5000  13 0  1 0x01d 1
Pixel   158 1   -75.0555    75.0000  13 0  2 0x01d 1
Pixel   159 1   -70.7254    77.5000  13 0  0 0x01d 1
Pixel   160 1   -70.7254    62.5000  13 0  7 0x01d 1
Pixel   161 1   -66.3953    65.0000  13 0  5 0x01d 1
Pixel   162 1   -70.7254    67.5000  13 0  6 0x01d 1
Pixel   163 1   -66.3953    70.0000  13 0  4 0x01d 1
Pixel   164 1   -70.7254    82.5000  13 0 11 0x01d 1
Pixel   165 1   -62.0652    72.5000  13 0  9 0x01d 1
Pixel   166 1   -66.3953    80.0000  13 0 10 0x01d 1
Pixel   167 1   -66.3953    75.0000  13 0  8 0x01d 1
Pixel   168 1   -31.7543   -35.0000  14 0  3 0x020 1
Pixel   169 1   -27.4241   -32.5000  14 0  1 0x020 1
Pixel   170 1   -31.7543   -30.0000  14 0  2 0x020 1
Pixel   171 1   -27.4241   -27.5000  14 0  0 0x020 1
Pixel   172 1   -27.4241   -42.5000  14 0  7 0x020 1
Pixel   173 1   -23.0940   -40.0000  14 0  5 0x020 1
Pixel   174 1   -27.4241   -37.5000  14 0  6 0x020 1
Pixel   175 1   -23.0940   -35.0000  14 0  4 0x020 1
Pixel   176 1   -27.4241   -22.5000  14 0 11 0x020 1
Pixel   177 1   -18.7639   -32.5000  14 0  9 0x020 1
Pixel   178 1   -23.0940   -25.0000  14 0 10 0x020 1
Pixel   179 1   -23.0940   -30.0000  14 0  8 0x020 1
Pixel   180 1   -40.4145   -50.0000  15 0  3 0x021 1
Pixel   181 1   -36.0844   -47.5000  15 0  1 0x021 1
Pixel   182 1   -40.4145   -45.0000  15 0  2 0x021 1
Pixel   183 1   -36.0844   -42.5000  15 0  0 0x021 1
Pixel   184 1   -36.0844   -57.5000  15 0  7 0x021 1
Pixel   185 1   -31.7543   -55.0000  15 0  5 0x021 1
Pixel   186 1   -36.0844   -52.5000  15 0  6 0x021 1
Pixel   187 1   -31.7543   -50.0000  15 0  4 0x021 1
Pixel   188 1   -36.0844   -37.5000  15 0 11 0x021 1
Pixel   189 1   -27.4241   -47.5000  15 0  9 0x021 1
Pixel   190 1   -31.7543   -40.0000  15 0 10 0x021 1
Pixel   191 1   -31.7543   -45.0000  15 0  8 0x021 1
Pixel   192 1   -40.4145   -20.0000  16 0  3 0x022 1
Pixel   193 1   -36.0844   -17.5000  16 0  1 0x022 1
Pixel   194 1   -40.4145   -15.0000  16 0  2 0x022 1
Pixel   195 1   -36.0844   -12.5000  16 0  0 0x022 1
Pixel   196 1   -36.0844   -27.5000  16 0  7 0x022 1
Pixel   197 1   -31.7543   -25.0000  16 0  5 0x022 1
Pixel   198 1   -36.0844   -22.5000  16 0  6 0x022 1
Pixel   199 1   -31.7543   -20.0000  16 0  4 0x022 1
Pixel   200 1   -36.0844    -7.5000  16 0 11 0x022 1
Pixel   201 1   -27.4241   -17.5000  16 0  9 0x022 1
Pixel   202 1   -31.7543   -10.0000  16 0 10 0x022 1
Pixel   203 1   -31.7543   -15.0000  16 0  8 0x022 1
Pixel   204 1   -49.0748   -35.0000  17 0  3 0x023 1
Pixel   205 1   -44.7446   -32.5000  17 0  1 0x023 1
Pixel   206 1   -49.0748   -30.0000  17 0  2 0x023 1
Pixel   207 1   -44.7446   -27.5000  17 0  0 0x023 1
Pixel   208 1   -44.7446   -42.5000  17 0  7 0x023 1
Pixel   209 1   -40.4145   -40.0000  17 0  5 0x023 1
Pixel   210 1   -44.7446   -37.5000  17 0  6 0x023 1
Pixel   211 1   -40.4145   -35.0000  17 0  4 0x023 1
Pixel   212 1   -44.7446   -22.5000  17 0 11 0x023 1
Pixel   213 1   -36.0844   -32.5000  17 0  9 0x023 1
Pixel   214 1   -40.4145   -25.0000  17 0 10 0x023 1
Pixel   215 1   -40.4145   -30.0000  17 0  8 0x023 1
Pixel   216 1   -49.0748    -5.0000  18 0  3 0x024 1
Pixel   217 1   -44.7446    -2.5000  18 0  1 0x024 1
Pixel   218 1   -49.0748     0.0000  18 0  2 0x024 1
Pixel   219 1   -44.7446     2.5000  18 0  0 0x024 0
Pixel   220 1   -44.7446   -12.5000  18 0  7 0x024 1
Pixel   221 1   -40.4145   -10.0000  18 0  5 0x024 1
Pixel   222 1   -44.7446    -7.5000  18 0  6 0x024 1
Pixel   223 1   -40.4145    -5.0000  18 0  4 0x024 1
Pixel   224 1   -44.7446     7.5000  18 0 11 0x024 1
Pixel   225 1   -36.0844    -2.5000  18 0  9 0x024 1
Pixel   226 1   -40.4145     5.0000  18 0 10 0x024 1
Pixel   227 1   -40.4145     0.0000  18 0  8 0x024 1
Pixel   228 1   -57.7350   -20.0000  19 0  3 0x025 1
Pixel   229 1   -53.4049   -17.5000  19 0  1 0x025 1
Pixel   230 1   -57.7350   -15.0000  19 0  2 0x025 1
Pixel   231 1   -53.4049   -12.5000  19 0  0 0x025 1
Pixel   232 1   -53.4049   -27.5000  19 0  7 0x025 1
Pixel   233 1   -49.0748   -25.0000  19 0  5 0x025 1
Pixel   234 1   -53.4049   -22.5000  19 0  6 0x025 1
Pixel   235 1   -49.0748   -20.0000  19 0  4 0x025 1
Pixel   236 1   -53.4049    -7.5000  19 0 11 0x025 1
Pixel   237 1   -44.7446   -17.5000  19 0  9 0x025 1
Pixel   238 1   -49.0748   -10.0000  19 0 10 0x025 1
Pixel   239 1   -49.0748   -15.0000  19 0  8 0x025 1
Pixel   240 1   -57.7350    10.0000  20 0  3 0x026 1
Pixel   241 1   -53.4049    12.5000  20 0  1 0x026 1
Pixel   242 1   -57.7350    15.0000  20 0  2 0x026 1
Pixel   243 1   -53.4049    17.5000  20 0  0 0x026 1
Pixel   244 1   -53.4049     2.5000  20 0  7 0x026 1
Pixel   245 1   -49.0748     5.0000  20 0  5 0x026 1
Pixel   246 1   -53.4049     7.5000  20 0  6 0x026 1
Pixel   247 1   -49.0748    10.0000  20 0  4 0x026 1
Pixel   248 1   -53.4049    22.5000  20 0 11 0x026 1
Pixel   249 1   -44.7446    12.5000  20 0  9 0x026 1
Pixel   250 1   -49.0748    20.0000  20 0 10 0x026 1
Pixel   251 1   -49.0748    15.0000  20 0  8 0x026 1
Pixel   252 1   -66.3953    -5.0000  21 0  3 0x027 1
Pixel   253 1   -62.0652    -2.5000  21 0  1 0x027 1
Pixel   254 1   -66.3953     0.0000  21 0  2 0x027 1
Pixel   255 1   -62.0652     2.5000  21 0  0 0x027 1
Pixel   256 1   -62.0652   -12.5000  21 0  7 0x027 1
Pixel   257 1   -57.7350   -10.0000  21 0  5 0x027 1
Pixel   258 1   -62.0652    -7.5000  21 0  6 0x027 1
Pixel   259 1   -57.7350    -5.0000  21 0  4 0x027 1
Pixel   260 1   -62.0652     7.5000  21 0 11 0x027 1
Pixel   261 1   -53.4049    -2.5000  21 0  9 0x027 1
Pixel   262 1   -57.7350     5.0000  21 0 10 0x027 1
Pixel   263 1   -57.7350     0.0000  21 0  8 0x027 1
Pixel   264 1   -66.3953    25.0000  22 0  3 0x028 1
Pixel   265 1   -62.0652    27.5000  22 0  1 0x028 1
Pixel   266 1   -66.3953    30.0000  22 0  2 0x028 1
Pixel   267 1   -62.0652    32.5000  22 0  0 0x028 1
Pixel   268 1   -62.0652    17.5000  22 0  7 0x028 1
Pixel   269 1   -57.7350    20.0000  22 0  5 0x028 1
Pixel   270 1   -62.0652    22.5000  22 0  6 0x028 1
Pixel   271 1   -57.7350    25.0000  22 0  4 0x028 1
Pixel   272 1   -62.0652    37.5000  22 0 11 0x028 1
Pixel   273 1   -53.4049    27.5000  22 0  9 0x028 1
Pixel   274 1   -57.7350    35.0000  22 0 10 0x028 1
Pixel   275 1   -57.7350    30.0000  22 0  8 0x028 1
Pixel   276 1   -75.0555    10.0000  23 0  3 0x029 1
Pixel   277 1   -70.7254    12.5000  23 0  1 0x029 1
Pixel   278 1   -75.0555    15.0000  23 0  2 0x029 1
Pixel   279 1   -70.7254    17.5000  23 0  0 0x029 1
Pixel   280 1   -70.7254     2.5000  23 0  7 0x029 1
Pixel   281 1   -66.3953     5.0000  23 0  5 0x029 1
Pixel   282 1   -70.7254     7.5000  23 0  6 0x029 1
Pixel   283 1   -66.3953    10.0000  23 0  4 0x029 1
Pixel   284 1   -70.7254    22.5000  23 0 11 0x029 1
Pixel   285 1   -62.0652    12.5000  23 0  9 0x029 1
Pixel   286 1   -66.3953    20.0000  23 0 10 0x029 1
Pixel   287 1   -66.3953    15.0000  23 0  8 0x029 1
Pixel   288 1   -75.0555    40.0000  24 0  3 0x02a 1
Pixel   289 1   -70.7254    42.5000  24 0  1 0x02a 1
Pixel   290 1   -75.0555    45.0000  24 0  2 0x02a 1
Pixel   291 1   -70.7254    47.5000  24 0  0 0x02a 1
Pixel   292 1   -70.7254    32.5000  24 0  7 0x02a 1
Pixel   293 1   -66.3953    35.0000  24 0  5 0x02a 1
Pixel   294 1   -70.7254    37.5000  24 0  6 0x02a 1
Pixel   295 1   -66.3953    40.0000  24 0  4 0x02a 1
Pixel   296 1   -70.7254    52.5000  24 0 11 0x02a 1
Pixel   297 1   -62.0652    42.5000  24 0  9 0x02a 1
Pixel   298 1   -66.3953    50.0000  24 0 10 0x02a 1
Pixel   299 1   -66.3953    45.0000  24 0  8 0x02a 1
Pixel   300 1   -83.7158    25.0000  25 0  3 0x02b 1
Pixel   301 1   -79.3857    27.5000  25 0  1 0x02b 1
Pixel   302 1   -83.7158    30.0000  25 0  2 0x02b 1
Pixel   303 1   -79.3857    32.5000  25 0  0 0x02b 1
Pixel   304 1   -79.3857    17.5000  25 0  7 0x02b 1
Pixel   305 1   -75.0555    20.0000  25 0  5 0x02b 1
Pixel   306 1   -79.3857    22.5000  25 0  6 0x02b 1
Pixel   307 1   -75.0555    25.0000  25 0  4 0x02b 1
Pixel   308 1   -79.3857    37.5000  25 0 11 0x02b 1
Pixel   309 1   -70.7254    27.5000  25 0  9 0x02b 1
Pixel   310 1   -75.0555    35.0000  25 0 10 0x02b 1
Pixel   311 1   -75.0555    30.0000  25 0  8 0x02b 1
Pixel   312 1   -83.7158    55.0000  26 0  3 0x02c 1
Pixel   313 1   -79.3857    57.5000  26 0  1 0x02c 1
Pixel   314 1   -83.7158    60.0000  26 0  2 0x02c 1
Pixel   315 1   -79.3857    62.5000  26 0  0 0x02c 1
Pixel   316 1   -79.3857    47.5000  26 0  7 0x02c 1
Pixel   317 1   -75.0555    50.0000  26 0  5 0x02c 1
Pixel   318 1   -79.3857    52.5000  26 0  6 0x02c 1
Pixel   319 1   -75.0555    55.0000  26 0  4 0x02c 1
Pixel   320 1   -79.3857    67.5000  26 0 11 0x02c 1
Pixel   321 1   -70.7254    57.5000  26 0  9 0x02c 1
Pixel   322 1   -75.0555    65.0000  26 0 10 0x02c 1
Pixel   323 1   -75.0555    60.0000  26 0  8 0x02c 1
Pixel   324 1   -92.3760    40.0000  27 0  3 0x02d 1
Pixel   325 1   -88.0459    42.5000  27 0  1 0x02d 1
Pixel   326 1   -92.3760    45.0000  27 0  2 0x02d 1
Pixel   327 1   -88.0459    47.5000  27 0  0 0x02d 1
Pixel   328 1   -88.0459    32.5000  27 0  7 0x02d 1
Pixel   329 1   -83.7158    35.0000  27 0  5 0x02d 1
Pixel   330 1   -88.0459    37.5000  27 0  6 0x02d 1
Pixel   331 1   -83.7158    40.0000  27 0  4 0x02d 1
Pixel   332 1   -88.0459    52.5000  27 0 11 0x02d 1
Pixel   333 1   -79.3857    42.5000  27 0  9 0x02d 1
Pixel   334 1   -83.7158    50.0000  27 0 10 0x02d 1
Pixel   335 1   -83.7158    45.0000  27 0  8 0x02d 1
Pixel   336 1   -49.0748   -65.0000  28 0  3 0x030 1
Pixel   337 1   -44.7446   -62.5000  28 0  1 0x030 1
Pixel   338 1   -49.0748   -60.0000  28 0  2 0x030 1
Pixel   339 1   -44.7446   -57.5000  28 0  0 0x030 1
Pixel   340 1   -44.7446   -72.5000  28 0  7 0x030 1
Pixel   341 1   -40.4145   -70.0000  28 0  5 0x030 1
Pixel   342 1   -44.7446   -67.5000  28 0  6 0x030 1
Pixel   343 1   -40.4145   -65.0000  28 0  4 0x030 1
Pixel   344 1   -44.7446   -52.5000  28 0 11 0x030 1
Pixel   345 1   -36.0844   -62.5000  28 0  9 0x030 1
Pixel   346 1   -40.4145   -55.0000  28 0 10 0x030 1
Pixel   347 1   -40.4145   -60.0000  28 0  8 0x030 1
Pixel   348 1   -57.7350   -80.0000  29 0  3 0x031 1
Pixel   349 1   -53.4049   -77.5000  29 0  1 0x031 1
Pixel   350 1   -57.7350   -75.0000  29 0  2 0x031 1
Pixel   351 1   -53.4049   -72.5000  29 0  0 0x031 1
Pixel   352 1   -53.4049   -87.5000  29 0  7 0x031 1
Pixel   353 1   -49.0748   -85.0000  29 0  5 0x031 1
Pixel   354 1   -53.4049   -82.5000  29 0  6 0x031 1
Pixel   355 1   -49.0748   -80.0000  29 0  4 0x031 1
Pixel   356 1   -53.4049   -67.5000  29 0 11 0x031 1
Pixel   357 1   -44.7446   -77.5000  29 0  9 0x031 1
Pixel   358 1   -49.0748   -70.0000  29 0 10 0x031 1
Pixel   359 1   -49.0748   -75.0000  29 0  8 0x031 1
Pixel   360 1   -57.7350   -50.0000  30 0  3 0x032 1
Pixel   361 1   -53.4049   -47.5000  30 0  1 0x032 1
Pixel   362 1   -57.7350   -45.0000  30 0  2 0x032 1
Pixel   363 1   -53.4049   -42.5000  30 0  0 0x032 1
Pixel   364 1   -53.4049   -57.5000  30 0  7 0x032 1
Pixel   365 1   -49.0748   -55.0000  30 0  5 0x032 1
Pixel   366 1   -53.4049   -52.5000  30 0  6 0x032 1
Pixel   367 1   -49.0748   -50.0000  30 0  4 0x032 1
Pixel   368 1   -53.4049   -37.5000  30 0 11 0x032 1
Pixel   369 1   -44.7446   -47.5000  30 0  9 0x032 1
Pixel   370 1   -49.0748   -40.0000  30 0 10 0x032 1
Pixel   371 1   -49.0748   -45.0000  30 0  8 0x032 1
Pixel   372 1   -66.3953   -65.0000  31 0  3 0x033 1
Pixel   373 1   -62.0652   -62.5000  31 0  1 0x033 1
Pixel   374 1   -66.3953   -60.0000  31 0  2 0x033 1
Pixel   375 1   -62.0652   -57.5000  31 0  0 0x033 1
Pixel   376 1   -62.0652   -72.5000  31 0  7 0x033 1
Pixel   377 1   -57.7350   -70.0000  31 0  5 0x033 1
Pixel   378 1   -62.0652   -67.5000  31 0  6 0x033 1
Pixel   379 1   -57.7350   -65.0000  31 0  4 0x033 1
Pixel   380 1   -62.0652   -52.5000  31 0 11 0x033 1
Pixel   381 1   -53.4049   -62.5000  31 0  9 0x033 1
Pixel   382 1   -57.7350   -55.0000  31 0 10 0x033 1
Pixel   383 1   -57.7350   -60.0000  31 0  8 0x033 1
Pixel   384 1   -66.3953   -35.0000  32 0  3 0x034 1
Pixel   385 1   -62.0652   -32.5000  32 0  1 0x034 1
Pixel   386 1   -66.3953   -30.0000  32 0  2 0x034 1
Pixel   387 1   -62.0652   -27.5000  32 0  0 0x034 1
Pixel   388 1   -62.0652   -42.5000  32 0  7 0x034 1
Pixel   389 1   -57.7350   -40.0000  32 0  5 0x034 1
Pixel   390 1   -62.0652   -37.5000  32 0  6 0x034 1
Pixel   391 1   -57.7350   -35.0000  32 0  4 0x034 1
Pixel   392 1   -62.0652   -22.5000  32 0 11 0x034 1
Pixel   393 1   -53.4049   -32.5000  32 0  9 0x034 1
Pixel   394 1   -57.7350   -25.0000  32 0 10 0x034 1
Pixel   395 1   -57.7350   -30.0000  32 0  8 0x034 1
Pixel   396 1   -75.0555   -50.0000  33 0  3 0x035 1
Pixel   397 1   -70.7254   -47.5000  33 0  1 0x035 1
Pixel   398 1   -75.0555   -45.0000  33 0  2 0x035 1
Pixel   399 1   -70.7254   -42.5000  33 0  0 0x035 1
Pixel   400 1   -70.7254   -57.5000  33 0  7 0x035 1
Pixel   401 1   -66.3953   -55.0000  33 0  5 0x035 1
Pixel   402 1   -70.7254   -52.5000  33 0  6 0x035 1
Pixel   403 1   -66.3953   -50.0000  33 0  4 0x035 1
Pixel   404 1   -70.7254   -37.5000  33 0 11 0x035 1
Pixel   405 1   -62.0652   -47.5000  33 0  9 0x035 1
Pixel   406 1   -66.3953   -40.0000  33 0 10 0x035 1
Pixel   407 1   -66.3953   -45.0000  33 0  8 0x035 1
Pixel   408 1   -75.0555   -20.0000  34 0  3 0x036 1
Pixel   409 1   -70.7254   -17.5000  34 0  1 0x036 1
Pixel   410 1   -75.0555   -15.0000  34 0  2 0x036 1
Pixel   411 1   -70.7254   -12.5000  34 0  0 0x036 1
Pixel   412 1   -70.7254   -27.5000  34 0  7 0x036 1
Pixel   413 1   -66.3953   -25.0000  34 0  5 0x036 1
Pixel   414 1   -70.7254   -22.5000  34 0  6 0x036 1
Pixel   415 1   -66.3953   -20.0000  34 0  4 0x036 1
Pixel   416 1   -70.7254    -7.5000  34 0 11 0x036 1
Pixel   417 1   -62.0652   -17.5000  34 0  9 0x036 1
Pixel   418 1   -66.3953   -10.0000  34 0 10 0x036 1
Pixel   419 1   -66.3953   -15.0000  34 0  8 0x036 1
Pixel   420 1   -83.7158   -35.0000  35 0  3 0x037 1
Pixel   421 1   -79.3857   -32.5000  35 0  1 0x037 1
Pixel   422 1   -83.7158   -30.0000  35 0  2 0x037 1
Pixel   423 1   -79.3857   -27.5000  35 0  0 0x037 1
Pixel   424 1   -79.3857   -42.5000  35 0  7 0x037 1
Pixel   425 1   -75.0555   -40.0000  35 0  5 0x037 1
Pixel   426 1   -79.3857   -37.5000  35 0  6 0x037 1
Pixel   427 1   -75.0555   -35.0000  35 0  4 0x037 1
Pixel   428 1   -79.3857   -22.5000  35 0 11 0x037 1
Pixel   429 1   -70.7254   -32.5000  35 0  9 0x037 1
Pixel   430 1   -75.0555   -25.0000  35 0 10 0x037 1
Pixel   431 1   -75.0555   -30.0000  35 0  8 0x037 1
Pixel   432 1   -83.7158    -5.0000  36 0  3 0x038 1
Pixel   433 1   -79.3857    -2.5000  36 0  1 0x038 1
Pixel   434 1   -83.7158     0.0000  36 0  2 0x038 1
Pixel   435 1   -79.3857     2.5000  36 0  0 0x038 1
Pixel   436 1   -79.3857   -12.5000  36 0  7 0x038 1
Pixel   437 1   -75.0555   -10.0000  36 0  5 0x038 1
Pixel   438 1   -79.3857    -7.5000  36 0  6 0x038 1
Pixel   439 1   -75.0555    -5.0000  36 0  4 0x038 1
Pixel   440 1   -79.3857     7.5000  36 0 11 0x038 1
Pixel   441 1   -70.7254    -2.5000  36 0  9 0x038 1
Pixel   442 1   -75.0555     5.0000  36 0 10 0x038 1
Pixel   443 1   -75.0555     0.0000  36 0  8 0x038 1
Pixel   444 1   -92.3760   -20.0000  37 0  3 0x039 1
Pixel   445 1   -88.0459   -17.5000  37 0  1 0x039 1
Pixel   446 1   -92.3760   -15.0000  37 0  2 0x039 1
Pixel   447 1   -88.0459   -12.5000  37 0  0 0x039 1
Pixel   448 1   -88.0459   -27.5000  37 0  7 0x039 1
Pixel   449 1   -83.7158   -25.0000  37 0  5 0x039 1
Pixel   450 1   -88.0459   -22.5000  37 0  6 0x039 1
Pixel   451 1   -83.7158   -20.0000  37 0  4 0x039 1
Pixel   452 1   -88.0459    -7.5000  37 0 11 0x039 1
Pixel   453 1   -79.3857   -17.5000  37 0  9 0x039 1
Pixel   454 1   -83.7158   -10.0000  37 0 10 0x039 1
Pixel   455 1   -83.7158   -15.0000  37 0  8 0x039 1
Pixel   456 1   -92.3760    10.0000  38 0  3 0x03a 1
Pixel   457 1   -88.0459    12.5000  38 0  1 0x03a 1
Pixel   458 1   -92.3760    15.0000  38 0  2 0x03a 1
Pixel   459 1   -88.0459    17.5000  38 0  0 0x03a 1
Pixel   460 1   -88.0459     2.5000  38 0  7 0x03a 1
Pixel   461 1   -83.7158     5.0000  38 0  5 0x03a 1
Pixel   462 1   -88.0459     7.5000  38 0  6 0x03a 1
Pixel   463 1   -83.7158    10.0000  38 0  4 0x03a 1
Pixel   464 1   -88.0459    22.5000  38 0 11 0x03a 1
Pixel   465 1   -79.3857    12.5000  38 0  9 0x03a 1
Pixel   466 1   -83.7158    20.0000  38 0 10 0x03a 1
Pixel   467 1   -83.7158    15.0000  38 0  8 0x03a 1
Pixel   468 1  -101.0363    -5.0000  39 0  3 0x03b 1
Pixel   469 1   -96.7062    -2.5000  39 0  1 0x03b 1
Pixel   470 1  -101.0363     0.0000  39 0  2 0x03b 1
Pixel   471 1   -96.7062     2.5000  39 0  0 0x03b 1
Pixel   472 1   -96.7062   -12.5000  39 0  7 0x03b 1
Pixel   473 1   -92.3760   -10.0000  39 0  5 0x03b 1
Pixel   474 1   -96.7062    -7.5000  39 0  6 0x03b 1
Pixel   475 1   -92.3760    -5.0000  39 0  4 0x03b 1
Pixel   476 1   -96.7062     7.5000  39 0 11 0x03b 1
Pixel   477 1   -88.0459    -2.5000  39 0  9 0x03b 1
Pixel   478 1   -92.3760     5.0000  39 0 10 0x03b 1
Pixel   479 1   -92.3760     0.0000  39 0  8 0x03b 1
Pixel   480 1  -101.0363    25.0000  40 0  3 0x03c 1
Pixel   481 1   -96.7062    27.5000  40 0  1 0x03c 1
Pixel   482 1  -101.0363    30.0000  40 0  2 0x03c 1
Pixel   483 1   -96.7062    32.5000  40 0  0 0x03c 1
Pixel   484 1   -96.7062    17.5000  40 0  7 0x03c 1
Pixel   485 1   -92.3760    20.0000  40 0  5 0x03c 1
Pixel   486 1   -96.7062    22.5000  40 0  6 0x03c 1
Pixel   487 1   -92.3760    25.0000  40 0  4 0x03c 1
Pixel   488 1   -96.7062    37.5000  40 0 11 0x03c 1
Pixel   489 1   -88.0459    27.5000  40 0  9 0x03c 1
Pixel   490 1   -92.3760    35.0000  40 0 10 0x03c 1
Pixel   491 1   -92.3760    30.0000  40 0  8 0x03c 1
Pixel   492 1  -109.6966    10.0000  41 0  3 0x03d 1
Pixel   493 1  -105.3664    12.5000  41 0  1 0x03d 1
Pixel   494 1  -109.6966    15.0000  41 0  2 0x03d 1
Pixel   495 1  -105.3664    17.5000  41 0  0 0x03d 1
Pixel   496 1  -105.3664     2.5000  41 0  7 0x03d 1
Pixel   497 1  -101.0363     5.0000  41 0  5 0x03d 1
Pixel   498 1  -105.3664     7.5000  41 0  6 0x03d 1
Pixel   499 1  -101.0363    10.0000  41 0  4 0x03d 1
Pixel   500 1  -105.3664    22.5000  41 0 11 0x03d 1
Pixel   501 1   -96.7062    12.5000  41 0  9 0x03d 1
Pixel   502 1  -101.0363    20.0000  41 0 10 0x03d 1
Pixel   503 1  -101.0363    15.0000  41 0  8 0x03d 1
Pixel   504 1   -66.3953   -95.0000  42 0  3 0x040 1
Pixel   505 1   -62.0652   -92.5000  42 0  1 0x040 1
Pixel   506 1   -66.3953   -90.0000  42 0  2 0x040 1
Pixel   507 1   -62.0652   -87.5000  42 0  0 0x040 1
Pixel   508 1   -62.0652  -102.5000  42 0  7 0x040 1
Pixel   509 1   -57.7350  -100.0000  42 0  5 0x040 1
Pixel   510 1   -62.0652   -97.5000  42 0  6 0x040 1
Pixel   511 1   -57.7350   -95.0000  42 0  4 0x040 1
Pixel   512 1   -62.0652   -82.5000  42 0 11 0x040 1
Pixel   513 1   -53.4049   -92.5000  42 0  9 0x040 1
Pixel   514 1   -57.7350   -85.0000  42 0 10 0x040 1
Pixel   515 1   -57.7350   -90.0000  42 0  8 0x040 1
Pixel   516 1   -75.0555   -80.0000  43 0  3 0x042 1
Pixel   517 1   -70.7254   -77.5000  43 0  1 0x042 1
Pixel   518 1   -75.0555   -75.0000  43 0  2 0x042 1
Pixel   519 1   -70.7254   -72.5000  43 0  0 0x042 1
Pixel   520 1   -70.7254   -87.5000  43 0  7 0x042 1
Pixel   521 1   -66.3953   -85.0000  43 0  5 0x042 1
Pixel   522 1   -70.7254   -82.5000  43 0  6 0x042 1
Pixel   523 1   -66.3953   -80.0000  43 0  4 0x042 1
Pixel   524 1   -70.7254   -67.5000  43 0 11 0x042 1
Pixel   525 1   -62.0652   -77.5000  43 0  9 0x042 1
Pixel   526 1   -66.3953   -70.0000  43 0 10 0x042 1
Pixel   527 1   -66.3953   -75.0000  43 0  8 0x042 1
Pixel   528 1   -83.7158   -65.0000  44 0  3 0x044 1
Pixel   529 1   -79.3857   -62.5000  44 0  1 0x044 1
Pixel   530 1   -83.7158   -60.0000  44 0  2 0x044 1
Pixel   531 1   -79.3857   -57.5000  44 0  0 0x044 1
Pixel   532 1   -79.3857   -72.5000  44 0  7 0x044 1
Pixel   533 1   -75.0555   -70.0000  44 0  5 0x044 1
Pixel   534 1   -79.3857   -67.5000  44 0  6 0x044 1
Pixel   535 1   -75.0555   -65.0000  44 0  4 0x044 1
Pixel   536 1   -79.3857   -52.5000  44 0 11 0x044 1
Pixel   537 1   -70.7254   -62.5000  44 0  9 0x044 1
Pixel   538 1   -75.0555   -55.0000  44 0 10 0x044 1
Pixel   539 1   -75.0555   -60.0000  44 0  8 0x044 1
Pixel   540 1   -92.3760   -50.0000  45 0  3 0x046 1
Pixel   541 1   -88.0459   -47.5000  45 0  1 0x046 1
Pixel   542 1   -92.3760   -45.0000  45 0  2 0x046 1
Pixel   543 1   -88.0459   -42.5000  45 0  0 0x046 1
Pixel   544 1   -88.0459   -57.5000  45 0  7 0x046 1
Pixel   545 1   -83.7158   -55.0000  45 0  5 0x046 1
Pixel   546 1   -88.0459   -52.5000  45 0  6 0x046 1
Pixel   547 1   -83.7158   -50.0000  45 0  4 0x046 1
Pixel   548 1   -88.0459   -37.5000  45 0 11 0x046 1
Pixel   549 1   -79.3857   -47.5000  45 0  9 0x046 1
Pixel   550 1   -83.7158   -40.0000  45 0 10 0x046 1
Pixel   551 1   -83.7158   -45.0000  45 0  8 0x046 1
Pixel   552 1  -101.0363   -35.0000  46 0  3 0x048 1
Pixel   553 1   -96.7062   -32.5000  46 0  1 0x048 1
Pixel   554 1  -101.0363   -30.0000  46 0  2 0x048 1
Pixel   555 1   -96.7062   -27.5000  46 0  0 0x048 1
Pixel   556 1   -96.7062   -42.5000  46 0  7 0x048 1
Pixel   557 1   -92.3760   -40.0000  46 0  5 0x048 1
Pixel   558 1   -96.7062   -37.5000  46 0  6 0x048 1
Pixel   559 1   -92.3760   -35.0000  46 0  4 0x048 1
Pixel   560 1   -96.7062   -22.5000  46 0 11 0x048 1
Pixel   561 1   -88.0459   -32.5000  46 0  9 0x048 1
Pixel   562 1   -92.3760   -25.0000  46 0 10 0x048 1
Pixel   563 1   -92.3760   -30.0000  46 0  8 0x048 1
Pixel   564 1  -109.6966   -20.0000  47 0  3 0x04a 1
Pixel   565 1  -105.3664   -17.5000  47 0  1 0x04a 1
Pixel   566 1  -109.6966   -15.0000  47 0  2 0x04a 1
Pixel   567 1  -105.3664   -12.5000  47 0  0 0x04a 1
Pixel   568 1  -105.3664   -27.5000  47 0  7 0x04a 1
Pixel   569 1  -101.0363   -25.0000  47 0  5 0x04a 1
Pixel   570 1  -105.3664   -22.5000  47 0  6 0x04a 1
Pixel   571 1  -101.0363   -20.0000  47 0  4 0x04a 1
Pixel   572 1  -105.3664    -7.5000  47 0 11 0x04a 1
Pixel   573 1   -96.7062   -17.5000  47 0  9 0x04a 1
Pixel   574 1  -101.0363   -10.0000  47 0 10 0x04a 1
Pixel   575 1  -101.0363   -15.0000  47 0  8 0x04a 1
Pixel   576 1  -118.3568    -5.0000  48 0  3 0x04c 0
Pixel   577 1  -114.0267    -2.5000  48 0  1 0x04c 1
Pixel   578 1  -118.3568     0.0000  48 0  2 0x04c 0
Pixel   579 1  -114.0267     2.5000  48 0  0 0x04c 1
Pixel   580 1  -114.0267   -12.5000  48 0  7 0x04c 1
Pixel   581 1  -109.6966   -10.0000  48 0  5 0x04c 1
Pixel   582 1  -114.0267    -7.5000  48 0  6 0x04c 1
Pixel   583 1  -109.6966    -5.0000  48 0  4 0x04c 1
Pixel   584 1  -114.0267     7.5000  48 0 11 0x04c 1
Pixel   585 1  -105.3664    -2.5000  48 0  9 0x04c 1
Pixel   586 1  -109.6966     5.0000  48 0 10 0x04c 1
Pixel   587 1  -109.6966     0.0000  48 0  8 0x04c 1
Pixel   588 1     2.8868    15.0000  49 0  3 0x050 1
Pixel   589 1     2.8868    10.0000  49 0  1 0x050 1
Pixel   590 1     7.2169    12.5000  49 0  2 0x050 1
Pixel   591 1     7.2169     7.5000  49 0  0 0x050 1
Pixel   592 1    -5.7735    15.0000  49 0  7 0x050 1
Pixel   593 1    -5.7735    10.0000  49 0  5 0x050 1
Pixel   594 1    -1.4434    12.5000  49 0  6 0x050 1
Pixel   595 1    -1.4434     7.5000  49 0  4 0x050 1
Pixel   596 1    11.5470     5.0000  49 0 11 0x050 1
Pixel   597 1    -1.4434     2.5000  49 0  9 0x050 1
Pixel   598 1     7.2169     2.5000  49 0 10 0x050 1
Pixel   599 1     2.8868     5.0000  49 0  8 0x050 1
Pixel   600 1    -5.7735    30.0000  50 0  3 0x051 1
Pixel   601 1    -5.7735    25.0000  50 0  1 0x051 1
Pixel   602 1    -1.4434    27.5000  50 0  2 0x051 1
Pixel   603 1    -1.4434    22.5000  50 0  0 0x051 1
Pixel   604 1   -14.4338    30.0000  50 0  7 0x051 1
Pixel   605 1   -14.4338    25.0000  50 0  5 0x051 1
Pixel   606 1   -10.1036    27.5000  50 0  6 0x051 1
Pixel   607 1   -10.1036    22.5000  50 0  4 0x051 1
Pixel   608 1     2.8868    20.0000  50 0 11 0x051 1
Pixel   609 1   -10.1036    17.5000  50 0  9 0x051 1
Pixel   610 1    -1.4434    17.5000  50 0 10 0x051 1
Pixel   611 1    -5.7735    20.0000  50 0  8 0x051 1
Pixel   612 1    20.2073    15.0000  51 0  3 0x052 1
Pixel   613 1    20.2073    10.0000  51 0  1 0x052 1
Pixel   614 1    24.5374    12.5000  51 0  2 0x052 1
Pixel   615 1    24.5374     7.5000  51 0  0 0x052 1
Pixel   616 1    11.5470    15.0000  51 0  7 0x052 1
Pixel   617 1    11.5470    10.0000  51 0  5 0x052 1
Pixel   618 1    15.8771    12.5000  51 0  6 0x052 1
Pixel   619 1    15.8771     7.5000  51 0  4 0x052 1
Pixel   620 1    28.8675     5.0000  51 0 11 0x052 1
Pixel   621 1    15.8771     2.5000  51 0  9 0x052 1
Pixel   622 1    24.5374     2.5000  51 0 10 0x052 1
Pixel   623 1    20.2073     5.0000  51 0  8 0x052 1
Pixel   624 1    11.5470    30.0000  52 0  3 0x053 1
Pixel   625 1    11.5470    25.0000  52 0  1 0x053 1
Pixel   626 1    15.8771    27.5000  52 0  2 0x053 1
Pixel   627 1    15.8771    22.5000  52 0  0 0x053 1
Pixel   628 1     2.8868    30.0000  52 0  7 0x053 1
Pixel   629 1     2.8868    25.0000  52 0  5 0x053 1
Pixel   630 1     7.2169    27.5000  52 0  6 0x053 1
Pixel   631 1     7.2169    22.5000  52 0  4 0x053 1
Pixel   632 1    20.2073    20.0000  52 0 11 0x053 1
Pixel   633 1     7.2169    17.5000  52 0  9 0x053 1
Pixel   634 1    15.8771    17.5000  52 0 10 0x053 1
Pixel   635 1    11.5470    20.0000  52 0  8 0x053 1
Pixel   636 1    37.5278    15.0000  53 0  3 0x054 1
Pixel   637 1    37.5278    10.0000  53 0  1 0x054 1
Pixel   638 1    41.8579    12.5000  53 0  2 0x054 1
Pixel   639 1    41.8579     7.5000  53 0  0 0x054 1
Pixel   640 1    28.8675    15.0000  53 0  7 0x054 1
Pixel   641 1    28.8675    10.0000  53 0  5 0x054 1
Pixel   642 1    33.1976    12.5000  53 0  6 0x054 1
Pixel   643 1    33.1976     7.5000  53 0  4 0x054 1
Pixel   644 1    46.1880     5.0000  53 0 11 0x054 1
Pixel   645 1    33.1976     2.5000  53 0  9 0x054 1
Pixel   646 1    41.8579     2.5000  53 0 10 0x054 1
Pixel   647 1    37.5278     5.0000  53 0  8 0x054 1
Pixel   648 1    28.8675    30.0000  54 0  3 0x055 1
Pixel   649 1    28.8675    25.0000  54 0  1 0x055 1
Pixel   650 1    33.1976    27.5000  54 0  2 0x055 1
Pixel   651 1    33.1976    22.5000  54 0  0 0x055 1
Pixel   652 1    20.2073    30.0000  54 0  7 0x055 1
Pixel   653 1    20.2073    25.0000  54 0  5 0x055 1
Pixel   654 1    24.5374    27.5000  54 0  6 0x055 1
Pixel   655 1    24.5374    22.5000  54 0  4 0x055 1
Pixel   656 1    37.5278    20.0000  54 0 11 0x055 1
Pixel   657 1    24.5374    17.5000  54 0  9 0x055 1
Pixel   658 1    33.1976    17.5000  54 0 10 0x055 1
Pixel   659 1    28.8675    20.0000  54 0  8 0x055 1
Pixel   660 1    54.8483    15.0000  55 0  3 0x056 1
Pixel   661 1    54.8483    10.0000  55 0  1 0x056 1
Pixel   662 1    59.1784    12.5000  55 0  2 0x056 1
Pixel   663 1    59.1784     7.5000  55 0  0 0x056 1
Pixel   664 1    46.1880    15.0000  55 0  7 0x056 1
Pixel   665 1    46.1880    10.0000  55 0  5 0x056 1
Pixel   666 1    50.5181    12.5000  55 0  6 0x056 1
Pixel   667 1    50.5181     7.5000  55 0  4 0x056 1
Pixel   668 1    63.5085     5.0000  55 0 11 0x056 1
Pixel   669 1    50.5181     2.5000  55 0  9 0x056 1
Pixel   670 1    59.1784     2.5000  55 0 10 0x056 1
Pixel   671 1    54.8483     5.0000  55 0  8 0x056 1
Pixel   672 1    46.1880    30.0000  56 0  3 0x057 1
Pixel   673 1    46.1880    25.0000  56 0  1 0x057 1
Pixel   674 1    50.5181    27.5000  56 0  2 0x057 1
Pixel   675 1    50.5181    22.5000  56 0  0 0x057 1
Pixel   676 1    37.5278    30.0000  56 0  7 0x057 1
Pixel   677 1    37.5278    25.0000  56 0  5 0x057 1
Pixel   678 1    41.8579    27.5000  56 0  6 0x057 1
Pixel   679 1    41.8579    22.5000  56 0  4 0x057 1
Pixel   680 1    54.8483    20.0000  56 0 11 0x057 1
Pixel   681 1    41.8579    17.5000  56 0  9 0x057 1
Pixel   682 1    50.5181    17.5000  56 0 10 0x057 1
Pixel   683 1    46.1880    20.0000  56 0  8 0x057 1
Pixel   684 1    72.1688    15.0000  57 0  3 0x058 1
Pixel   685 1    72.1688    10.0000  57 0  1 0x058 1
Pixel   686 1    76.4989    12.5000  57 0  2 0x058 1
Pixel   687 1    76.4989     7.5000  57 0  0 0x058 1
Pixel   688 1    63.5085    15.0000  57 0  7 0x058 1
Pixel   689 1    63.5085    10.0000  57 0  5 0x058 1
Pixel   690 1    67.8387    12.5000  57 0  6 0x058 1
Pixel   691 1    67.8387     7.5000  57 0  4 0x058 1
Pixel   692 1    80.8290     5.0000  57 0 11 0x058 1
Pixel   693 1    67.8387     2.5000  57 0  9 0x058 1
Pixel   694 1    76.4989     2.5000  57 0 10 0x058 1
Pixel   695 1    72.1688     5.0000  57 0  8 0x058 1
Pixel   696 1    63.5085    30.0000  58 0  3 0x059 1
Pixel   697 1    63.5085    25.0000  58 0  1 0x059 1
Pixel   698 1    67.8387    27.5000  58 0  2 0x059 1
Pixel   699 1    67.8387    22.5000  58 0  0 0x059 1
Pixel   700 1    54.8483    30.0000  58 0  7 0x059 1
Pixel   701 1    54.8483    25.0000  58 0  5 0x059 1
Pixel   702 1    59.1784    27.5000  58 0  6 0x059 1
Pixel   703 1    59.1784    22.5000  58 0  4 0x059 1
Pixel   704 1    72.1688    20.0000  58 0 11 0x059 1
Pixel   705 1    59.1784    17.5000  58 0  9 0x059 1
Pixel   706 1    67.8387    17.5000  58 0 10 0x059 1
Pixel   707 1    63.5085    20.0000  58 0  8 0x059 1
Pixel   708 1    89.4893    15.0000  59 0  3 0x05a 1
Pixel   709 1    89.4893    10.0000  59 0  1 0x05a 1
Pixel   710 1    93.8194    12.5000  59 0  2 0x05a 1
Pixel   711 1    93.8194     7.5000  59 0  0 0x05a 1
Pixel   712 1    80.8290    15.0000  59 0  7 0x05a 1
Pixel   713 1    80.8290    10.0000  59 0  5 0x05a 1
Pixel   714 1    85.1592    12.5000  59 0  6 0x05a 1
Pixel   715 1    85.1592     7.5000  59 0  4 0x05a 1
Pixel   716 1    98.1495     5.0000  59 0 11 0x05a 1
Pixel   717 1    85.1592     2.5000  59 0  9 0x05a 1
Pixel   718 1    93.8194     2.5000  59 0 10 0x05a 1
Pixel   719 1    89.4893     5.0000  59 0  8 0x05a 1
Pixel   720 1    80.8290    30.0000  60 0  3 0x05b 1
Pixel   721 1    80.8290    25.0000  60 0  1 0x05b 1
Pixel   722 1    85.1592    27.5000  60 0  2 0x05b 1
Pixel   723 1    85.1592    22.5000  60 0  0 0x05b 1
Pixel   724 1    72.1688    30.0000  60 0  7 0x05b 1
Pixel   725 1    72.1688    25.0000  60 0  5 0x05b 1
Pixel   726 1    76.4989    27.5000  60 0  6 0x05b 1
Pixel   727 1    76.4989    22.5000  60 0  4 0x05b 1
Pixel   728 1    89.4893    20.0000  60 0 11 0x05b 1
Pixel   729 1    76.4989    17.5000  60 0  9 0x05b 1
Pixel   730 1    85.1592    17.5000  60 0 10 0x05b 1
Pixel   731 1    80.8290    20.0000  60 0  8 0x05b 1
Pixel   732 1   106.8098    15.0000  61 0  3 0x05c 1
Pixel   733 1   106.8098    10.0000  61 0  1 0x05c 1
Pixel   734 1   111.1399    12.5000  61 0  2 0x05c 1
Pixel   735 1   111.1399     7.5000  61 0  0 0x05c 1
Pixel   736 1    98.1495    15.0000  61 0  7 0x05c 1
Pixel   737 1    98.1495    10.0000  61 0  5 0x05c 1
Pixel   738 1   102.4797    12.5000  61 0  6 0x05c 1
Pixel   739 1   102.4797     7.5000  61 0  4 0x05c 1
Pixel   740 1   115.4701     5.0000  61 0 11 0x05c 1
Pixel   741 1   102.4797     2.5000  61 0  9 0x05c 1
Pixel   742 1   111.1399     2.5000  61 0 10 0x05c 1
Pixel   743 1   106.8098     5.0000  61 0  8 0x05c 1
Pixel   744 1    98.1495    30.0000  62 0  3 0x05d 1
Pixel   745 1    98.1495    25.0000  62 0  1 0x05d 1
Pixel   746 1   102.4797    27.5000  62 0  2 0x05d 1
Pixel   747 1   102.4797    22.5000  62 0  0 0x05d 1
Pixel   748 1    89.4893    30.0000  62 0  7 0x05d 1
Pixel   749 1    89.4893    25.0000  62 0  5 0x05d 1
Pixel   750 1    93.8194    27.5000  62 0  6 0x05d 1
Pixel   751 1    93.8194    22.5000  62 0  4 0x05d 1
Pixel   752 1   106.8098    20.0000  62 0 11 0x05d 1
Pixel   753 1    93.8194    17.5000  62 0  9 0x05d 1
Pixel   754 1   102.4797    17.5000  62 0 10 0x05d 1
Pixel   755 1    98.1495    20.0000  62 0  8 0x05d 1
Pixel   756 1   -14.4338    45.0000  63 0  3 0x060 1
Pixel   757 1   -14.4338    40.0000  63 0  1 0x060 1
Pixel   758 1   -10.1036    42.5000  63 0  2 0x060 1
Pixel   759 1   -10.1036    37.5000  63 0  0 0x060 1
Pixel   760 1   -23.0940    45.0000  63 0  7 0x060 1
Pixel   761 1   -23.0940    40.0000  63 0  5 0x060 1
Pixel   762 1   -18.7639    42.5000  63 0  6 0x060 1
Pixel   763 1   -18.7639    37.5000  63 0  4 0x060 1
Pixel   764 1    -5.7735    35.0000  63 0 11 0x060 1
Pixel   765 1   -18.7639    32.5000  63 0  9 0x060 1
Pixel   766 1   -10.1036    32.5000  63 0 10 0x060 1
Pixel   767 1   -14.4338    35.0000  63 0  8 0x060 1
Pixel   768 1   -23.0940    60.0000  64 0  3 0x061 1
Pixel   769 1   -23.0940    55.0000  64 0  1 0x061 1
Pixel   770 1   -18.7639    57.5000  64 0  2 0x061 1
Pixel   771 1   -18.7639    52.5000  64 0  0 0x061 1
Pixel   772 1   -31.7543    60.0000  64 0  7 0x061 1
Pixel   773 1   -31.7543    55.0000  64 0  5 0x061 1
Pixel   774 1   -27.4241    57.5000  64 0  6 0x061 1
Pixel   775 1   -27.4241    52.5000  64 0  4 0x061 1
Pixel   776 1   -14.4338    50.0000  64 0 11 0x061 1
Pixel   777 1   -27.4241    47.5000  64 0  9 0x061 1
Pixel   778 1   -18.7639    47.5000  64 0 10 0x061 1
Pixel   779 1   -23.0940    50.0000  64 0  8 0x061 1
Pixel   780 1     2.8868    45.0000  65 0  3 0x062 1
Pixel   781 1     2.8868    40.0000  65 0  1 0x062 1
Pixel   782 1     7.2169    42.5000  65 0  2 0x062 1
Pixel   783 1     7.2169    37.5000  65 0  0 0x062 1
Pixel   784 1    -5.7735    45.0000  65 0  7 0x062 1
Pixel   785 1    -5.7735    40.0000  65 0  5 0x062 1
Pixel   786 1    -1.4434    42.5000  65 0  6 0x062 1
Pixel   787 1    -1.4434    37.5000  65 0  4 0x062 1
Pixel   788 1    11.5470    35.0000  65 0 11 0x062 1
Pixel   789 1    -1.4434    32.5000  65 0  9 0x062 1
Pixel   790 1     7.2169    32.5000  65 0 10 0x062 1
Pixel   791 1     2.8868    35.0000  65 0  8 0x062 1
Pixel   792 1    -5.7735    60.0000  66 0  3 0x063 1
Pixel   793 1    -5.7735    55.0000  66 0  1 0x063 1
Pixel   794 1    -1.4434    57.5000  66 0  2 0x063 1
Pixel   795 1    -1.4434    52.5000  66 0  0 0x063 1
Pixel   796 1   -14.4338    60.0000  66 0  7 0x063 1
Pixel   797 1   -14.4338    55.0000  66 0  5 0x063 1
Pixel   798 1   -10.1036    57.5000  66 0  6 0x063 1
Pixel   799 1   -10.1036    52.5000  66 0  4 0x063 1
Pixel   800 1     2.8868    50.0000  66 0 11 0x063 1
Pixel   801 1   -10.1036    47.5000  66 0  9 0x063 1
Pixel   802 1    -1.4434    47.5000  66 0 10 0x063 1
Pixel   803 1    -5.7735    50.0000  66 0  8 0x063 1
Pixel   804 1    20.2073    45.0000  67 0  3 0x064 1
Pixel   805 1    20.2073    40.0000  67 0  1 0x064 1
Pixel   806 1    24.5374    42.5000  67 0  2 0x064 1
Pixel   807 1    24.5374    37.5000  67 0  0 0x064 0
Pixel   808 1    11.5470    45.0000  67 0  7 0x064 1
Pixel   809 1    11.5470    40.0000  67 0  5 0x064 1
Pixel   810 1    15.8771    42.5000  67 0  6 0x064 1
Pixel   811 1    15.8771    37.5000  67 0  4 0x064 1
Pixel   812 1    28.8675    35.0000  67 0 11 0x064 1
Pixel   813 1    15.8771    32.5000  67 0  9 0x064 1
Pixel   814 1    24.5374    32.5000  67 0 10 0x064 1
Pixel   815 1    20.2073    35.0000  67 0  8 0x064 1
Pixel   816 1    11.5470    60.0000  68 0  3 0x065 1
Pixel   817 1    11.5470    55.0000  68 0  1 0x065 1
Pixel   818 1    15.8771    57.5000  68 0  2 0x065 1
Pixel   819 1    15.8771    52.5000  68 0  0 0x065 1
Pixel   820 1     2.8868    60.0000  68 0  7 0x065 1
Pixel   821 1     2.8868    55.0000  68 0  5 0x065 1
Pixel   822 1     7.2169    57.5000  68 0  6 0x065 1
Pixel   823 1     7.2169    52.5000  68 0  4 0x065 1
Pixel   824 1    20.2073    50.0000  68 0 11 0x065 1
Pixel   825 1     7.2169    47.5000  68 0  9 0x065 1
Pixel   826 1    15.8771    47.5000  68 0 10 0x065 1
Pixel   827 1    11.5470    50.0000  68 0  8 0x065 1
Pixel   828 1    37.5278    45.0000  69 0  3 0x066 1
Pixel   829 1    37.5278    40.0000  69 0  1 0x066 1
Pixel   830 1    41.8579    42.5000  69 0  2 0x066 1
Pixel   831 1    41.8579    37.5000  69 0  0 0x066 1
Pixel   832 1    28.8675    45.0000  69 0  7 0x066 1
Pixel   833 1    28.8675    40.0000  69 0  5 0x066 1
Pixel   834 1    33.1976    42.5000  69 0  6 0x066 1
Pixel   835 1    33.1976    37.5000  69 0  4 0x066 1
Pixel   836 1    46.1880    35.0000  69 0 11 0x066 1
Pixel   837 1    33.1976    32.5000  69 0  9 0x066 1
Pixel   838 1    41.8579    32.5000  69 0 10 0x066 1
Pixel   839 1    37.5278    35.0000  69 0  8 0x066 1
Pixel   840 1    28.8675    60.0000  70 0  3 0x067 1
Pixel   841 1    28.8675    55.0000  70 0  1 0x067 1
Pixel   842 1    33.1976    57.5000  70 0  2 0x067 1
Pixel   843 1    33.1976    52.5000  70 0  0 0x067 1
Pixel   844 1    20.2073    60.0000  70 0  7 0x067 1
Pixel   845 1    20.2073    55.0000  70 0  5 0x067 1
Pixel   846 1    24.5374    57.5000  70 0  6 0x067 1
Pixel   847 1    24.5374    52.5000  70 0  4 0x067 1
Pixel   848 1    37.5278    50.0000  70 0 11 0x067 1
Pixel   849 1    24.5374    47.5000  70 0  9 0x067 1
Pixel   850 1    33.1976    47.5000  70 0 10 0x067 1
Pixel   851 1    28.8675    50.0000  70 0  8 0x067 1
Pixel   852 1    54.8483    45.0000  71 0  3 0x068 1
Pixel   853 1    54.8483    40.0000  71 0  1 0x068 1
Pixel   854 1    59.1784    42.5000  71 0  2 0x068 1
Pixel   855 1    59.1784    37.5000  71 0  0 0x068 1
Pixel   856 1    46.1880    45.0000  71 0  7 0x068 1
Pixel   857 1    46.1880    40.0000  71 0  5 0x068 1
Pixel   858 1    50.5181    42.5000  71 0  6 0x068 1
Pixel   859 1    50.5181    37.5000  71 0  4 0x068 1
Pixel   860 1    63.5085    35.0000  71 0 11 0x068 1
Pixel   861 1    50.5181    32.5000  71 0  9 0x068 1
Pixel   862 1    59.1784    32.5000  71 0 10 0x068 1
Pixel   863 1    54.8483    35.0000  71 0  8 0x068 1
Pixel   864 1    46.1880    60.0000  72 0  3 0x069 1
Pixel   865 1    46.1880    55.0000  72 0  1 0x069 1
Pixel   866 1    50.5181    57.5000  72 0  2 0x069 1
Pixel   867 1    50.5181    52.5000  72 0  0 0x069 1
Pixel   868 1    37.5278    60.0000  72 0  7 0x069 1
Pixel   869 1    37.5278    55.0000  72 0  5 0x069 1
Pixel   870 1    41.8579    57.5000  72 0  6 0x069 1
Pixel   871 1    41.8579    52.5000  72 0  4 0x069 1
Pixel   872 1    54.8483    50.0000  72 0 11 0x069 1
Pixel   873 1    41.8579    47.5000  72 0  9 0x069 1
Pixel   874 1    50.5181    47.5000  72 0 10 0x069 1
Pixel   875 1    46.1880    50.0000  72 0  8 0x069 1
Pixel   876 1    72.1688    45.0000  73 0  3 0x06a 1
Pixel   877 1    72.1688    40.0000  73 0  1 0x06a 1
Pixel   878 1    76.4989    42.5000  73 0  2 0x06a 1
Pixel   879 1    76.4989    37.5000  73 0  0 0x06a 1
Pixel   880 1    63.5085    45.0000  73 0  7 0x06a 1
Pixel   881 1    63.5085    40.0000  73 0  5 0x06a 1
Pixel   882 1    67.8387    42.5000  73 0  6 0x06a 1
Pixel   883 1    67.8387    37.5000  73 0  4 0x06a 1
Pixel   884 1    80.8290    35.0000  73 0 11 0x06a 1
Pixel   885 1    67.8387    32.5000  73 0  9 0x06a 1
Pixel   886 1    76.4989    32.5000  73 0 10 0x06a 1
Pixel   887 1    72.1688    35.0000  73 0  8 0x06a 1
Pixel   888 1    63.5085    60.0000  74 0  3 0x06b 1
Pixel   889 1    63.5085    55.0000  74 0  1 0x06b 1
Pixel   890 1    67.8387    57.5000  74 0  2 0x06b 1
Pixel   891 1    67.8387    52.5000  74 0  0 0x06b 1
Pixel   892 1    54.8483    60.0000  74 0  7 0x06b 1
Pixel   893 1    54.8483    55.0000  74 0  5 0x06b 1
Pixel   894 1    59.1784    57.5000  74 0  6 0x06b 1
Pixel   895 1    59.1784    52.5000  74 0  4 0x06b 1
Pixel   896 1    72.1688    50.0000  74 0 11 0x06b 1
Pixel   897 1    59.1784    47.5000  74 0  9 0x06b 1
Pixel   898 1    67.8387    47.5000  74 0 10 0x06b 1
Pixel   899 1    63.5085    50.0000  74 0  8 0x06b 1
Pixel   900 1    89.4893    45.0000  75 0  3 0x06c 1
Pixel   901 1    89.4893    40.0000  75 0  1 0x06c 1
Pixel   902 1    93.8194    42.5000  75 0  2 0x06c 1
Pixel   903 1    93.8194    37.5000  75 0  0 0x06c 1
Pixel   904 1    80.8290    45.0000  75 0  7 0x06c 1
Pixel   905 1    80.8290    40.0000  75 0  5 0x06c 1
Pixel   906 1    85.1592    42.5000  75 0  6 0x06c 1
Pixel   907 1    85.1592    37.5000  75 0  4 0x06c 1
Pixel   908 1    98.1495    35.0000  75 0 11 0x06c 1
Pixel   909 1    85.1592    32.5000  75 0  9 0x06c 1
Pixel   910 1    93.8194    32.5000  75 0 10 0x06c 1
Pixel   911 1    89.4893    35.0000  75 0  8 0x06c 1
Pixel   912 1    80.8290    60.0000  76 0  3 0x06d 1
Pixel   913 1    80.8290    55.0000  76 0  1 0x06d 1
Pixel   914 1    85.1592    57.5000  76 0  2 0x06d 1
Pixel   915 1    85.1592    52.5000  76 0  0 0x06d 1
Pixel   916 1    72.1688    60.0000  76 0  7 0x06d 1
Pixel   917 1    72.1688    55.0000  76 0  5 0x06d 1
Pixel   918 1    76.4989    57.5000  76 0  6 0x06d 1
Pixel   919 1    76.4989    52.5000  76 0  4 0x06d 1
Pixel   920 1    89.4893    50.0000  76 0 11 0x06d 1
Pixel   921 1    76.4989    47.5000  76 0  9 0x06d 1
Pixel   922 1    85.1592    47.5000  76 0 10 0x06d 1
Pixel   923 1    80.8290    50.0000  76 0  8 0x06d 1
Pixel   924 1   -31.7543    75.0000  77 0  3 0x070 1
Pixel   925 1   -31.7543    70.0000  77 0  1 0x070 1
Pixel   926 1   -27.4241    72.5000  77 0  2 0x070 1
Pixel   927 1   -27.4241    67.5000  77 0  0 0x070 1
Pixel   928 1   -40.4145    75.0000  77 0  7 0x070 1
Pixel   929 1   -40.4145    70.0000  77 0  5 0x070 1
Pixel   930 1   -36.0844    72.5000  77 0  6 0x070 1
Pixel   931 1   -36.0844    67.5000  77 0  4 0x070 1
Pixel   932 1   -23.0940    65.0000  77 0 11 0x070 1
Pixel   933 1   -36.0844    62.5000  77 0  9 0x070 1
Pixel   934 1   -27.4241    62.5000  77 0 10 0x070 1
Pixel   935 1   -31.7543    65.0000  77 0  8 0x070 1
Pixel   936 1   -40.4145    90.0000  78 0  3 0x071 1
Pixel   937 1   -40.4145    85.0000  78 0  1 0x071 1
Pixel   938 1   -36.0844    87.5000  78 0  2 0x071 1
Pixel   939 1   -36.0844    82.5000  78 0  0 0x071 1
Pixel   940 1   -49.0748    90.0000  78 0  7 0x071 1
Pixel   941 1   -49.0748    85.0000  78 0  5 0x071 1
Pixel   942 1   -44.7446    87.5000  78 0  6 0x071 1
Pixel   943 1   -44.7446    82.5000  78 0  4 0x071 1
Pixel   944 1   -31.7543    80.0000  78 0 11 0x071 1
Pixel   945 1   -44.7446    77.5000  78 0  9 0x071 1
Pixel   946 1   -36.0844    77.5000  78 0 10 0x071 1
Pixel   947 1   -40.4145    80.0000  78 0  8 0x071 1
Pixel   948 1   -14.4338    75.0000  79 0  3 0x072 1
Pixel   949 1   -14.4338    70.0000  79 0  1 0x072 1
Pixel   950 1   -10.1036    72.5000  79 0  2 0x072 1
Pixel   951 1   -10.1036    67.5000  79 0  0 0x072 1
Pixel   952 1   -23.0940    75.0000  79 0  7 0x072 1
Pixel   953 1   -23.0940    70.0000  79 0  5 0x072 1
Pixel   954 1   -18.7639    72.5000  79 0  6 0x072 1
Pixel   955 1   -18.7639    67.5000  79 0  4 0x072 1
Pixel   956 1    -5.7735    65.0000  79 0 11 0x072 1
Pixel   957 1   -18.7639    62.5000  79 0  9 0x072 1
Pixel   958 1   -10.1036    62.5000  79 0 10 0x072 1
Pixel   959 1   -14.4338    65.0000  79 0  8 0x072 1
Pixel   960 1   -23.0940    90.0000  80 0  3 0x073 1
Pixel   961 1   -23.0940    85.0000  80 0  1 0x073 1
Pixel   962 1   -18.7639    87.5000  80 0  2 0x073 1
Pixel   963 1   -18.7639    82.5000  80 0  0 0x073 1
Pixel   964 1   -31.7543    90.0000  80 0  7 0x073 1
Pixel   965 1   -31.7543    85.0000  80 0  5 0x073 1
Pixel   966 1   -27.4241    87.5000  80 0  6 0x073 1
Pixel   967 1   -27.4241    82.5000  80 0  4 0x073 1
Pixel   968 1   -14.4338    80.0000  80 0 11 0x073 1
Pixel   969 1   -27.4241    77.5000  80 0  9 0x073 1
Pixel   970 1   -18.7639    77.5000  80 0 10 0x073 1
Pixel   971 1   -23.0940    80.0000  80 0  8 0x073 1
Pixel   972 1     2.8868    75.0000  81 0  3 0x074 1
Pixel   973 1     2.8868    70.0000  81 0  1 0x074 1
Pixel   974 1     7.2169    72.5000  81 0  2 0x074 1
Pixel   975 1     7.2169    67.5000  81 0  0 0x074 1
Pixel   976 1    -5.7735    75.0000  81 0  7 0x074 1
Pixel   977 1    -5.7735    70.0000  81 0  5 0x074 1
Pixel   978 1    -1.4434    72.5000  81 0  6 0x074 1
Pixel   979 1    -1.4434    67.5000  81 0  4 0x074 1
Pixel   980 1    11.5470    65.0000  81 0 11 0x074 1
Pixel   981 1    -1.4434    62.5000  81 0  9 0x074 1
Pixel   982 1     7.2169    62.5000  81 0 10 0x074 1
Pixel   983 1     2.8868    65.0000  81 0  8 0x074 1
Pixel   984 1    -5.7735    90.0000  82 0  3 0x075 1
Pixel   985 1    -5.7735    85.0000  82 0  1 0x075 1
Pixel   986 1    -1.4434    87.5000  82 0  2 0x075 1
Pixel   987 1    -1.4434    82.5000  82 0  0 0x075 1
Pixel   988 1   -14.4338    90.0000  82 0  7 0x075 1
Pixel   989 1   -14.4338    85.0000  82 0  5 0x075 1
Pixel   990 1   -10.1036    87.5000  82 0  6 0x075 1
Pixel   991 1   -10.1036    82.5000  82 0  4 0x075 1
Pixel   992 1     2.8868    80.0000  82 0 11 0x075 1
Pixel   993 1   -10.1036    77.5000  82 0  9 0x075 1
Pixel   994 1    -1.4434    77.5000  82 0 10 0x075 1
Pixel   995 1    -5.7735    80.0000  82 0  8 0x075 1
Pixel   996 1    20.2073    75.0000  83 0  3 0x076 1
Pixel   997 1    20.2073    70.0000  83 0  1 0x076 1
Pixel   998 1    24.5374    72.5000  83 0  2 0x076 1
Pixel   999 1    24.5374    67.5000  83 0  0 0x076 1
Pixel  1000 1    11.5470    75.0000  83 0  7 0x076 1
Pixel  1001 1    11.5470    70.0000  83 0  5 0x076 1
Pixel  1002 1    15.8771    72.5000  83 0  6 0x076 1
Pixel  1003 1    15.8771    67.5000  83 0  4 0x076 1
Pixel  1004 1    28.8675    65.0000  83 0 11 0x076 1
Pixel  1005 1    15.8771    62.5000  83 0  9 0x076 1
Pixel  1006 1    24.5374    62.5000  83 0 10 0x076 1
Pixel  1007 1    20.2073    65.0000  83 0  8 0x076 1
Pixel  1008 1    11.5470    90.0000  84 0  3 0x077 1
Pixel  1009 1    11.5470    85.0000  84 0  1 0x077 1
Pixel  1010 1    15.8771    87.5000  84 0  2 0x077 1
Pixel  1011 1    15.8771    82.5000  84 0  0 0x077 1
Pixel  1012 1     2.8868    90.0000  84 0  7 0x077 1
Pixel  1013 1     2.8868    85.0000  84 0  5 0x077 1
Pixel  1014 1     7.2169    87.5000  84 0  6 0x077 1
Pixel  1015 1     7.2169    82.5000  84 0  4 0x077 1
Pixel  1016 1    20.2073    80.0000  84 0 11 0x077 1
Pixel  1017 1     7.2169    77.5000  84 0  9 0x077 1
Pixel  1018 1    15.8771    77.5000  84 0 10 0x077 1
Pixel  1019 1    11.5470    80.0000  84 0  8 0x077 1
Pixel  1020 1    37.5278    75.0000  85 0  3 0x078 1
Pixel  1021 1    37.5278    70.0000  85 0  1 0x078 1
Pixel  1022 1    41.8579    72.5000  85 0  2 0x078 1
Pixel  1023 1    41.8579    67.5000  85 0  0 0x078 1
Pixel  1024 1    28.8675    75.0000  85 0  7 0x078 1
Pixel  1025 1    28.8675    70.0000  85 0  5 0x078 1
Pixel  1026 1    33.1976    72.5000  85 0  6 0x078 1
Pixel  1027 1    33.1976    67.5000  85 0  4 0x078 1
Pixel  1028 1    46.1880    65.0000  85 0 11 0x078 1
Pixel  1029 1    33.1976    62.5000  85 0  9 0x078 1
Pixel  1030 1    41.8579    62.5000  85 0 10 0x078 1
Pixel  1031 1    37.5278    65.0000  85 0  8 0x078 1
Pixel  1032 1    28.8675    90.0000  86 0  3 0x079 1
Pixel  1033 1    28.8675    85.0000  86 0  1 0x079 1
Pixel  1034 1    33.1976    87.5000  86 0  2 0x079 1
Pixel  1035 1    33.1976    82.5000  86 0  0 0x079 1
Pixel  1036 1    20.2073    90.0000  86 0  7 0x079 1
Pixel  1037 1    20.2073    85.0000  86 0  5 0x079 1
Pixel  1038 1    24.5374    87.5000  86 0  6 0x079 1
Pixel  1039 1    24.5374    82.5000  86 0  4 0x079 1
Pixel  1040 1    37.5278    80.0000  86 0 11 0x079 1
Pixel  1041 1    24.5374    77.5000  86 0  9 0x079 1
Pixel  1042 1    33.1976    77.5000  86 0 10 0x079 1
Pixel  1043 1    28.8675    80.0000  86 0  8 0x079 1
Pixel  1044 1    54.8483    75.0000  87 0  3 0x07a 1
Pixel  1045 1    54.8483    70.0000  87 0  1 0x07a 1
Pixel  1046 1    59.1784    72.5000  87 0  2 0x07a 1
Pixel  1047 1    59.1784    67.5000  87 0  0 0x07a 1
Pixel  1048 1    46.1880    75.0000  87 0  7 0x07a 1
Pixel  1049 1    46.1880    70.0000  87 0  5 0x07a 1
Pixel  1050 1    50.5181    72.5000  87 0  6 0x07a 1
Pixel  1051 1    50.5181    67.5000  87 0  4 0x07a 1
Pixel  1052 1    63.5085    65.0000  87 0 11 0x07a 1
Pixel  1053 1    50.5181    62.5000  87 0  9 0x07a 1
Pixel  1054 1    59.1784    62.5000  87 0 10 0x07a 1
Pixel  1055 1    54.8483    65.0000  87 0  8 0x07a 1
Pixel  1056 1    46.1880    90.0000  88 0  3 0x07b 1
Pixel  1057 1    46.1880    85.0000  88 0  1 0x07b 1
Pixel  1058 1    50.5181    87.5000  88 0  2 0x07b 1
Pixel  1059 1    50.5181    82.5000  88 0  0 0x07b 1
Pixel  1060 1    37.5278    90.0000  88 0  7 0x07b 1
Pixel  1061 1    37.5278    85.0000  88 0  5 0x07b 1
Pixel  1062 1    41.8579    87.5000  88 0  6 0x07b 1
Pixel  1063 1    41.8579    82.5000  88 0  4 0x07b 1
Pixel  1064 1    54.8483    80.0000  88 0 11 0x07b 1
Pixel  1065 1    41.8579    77.5000  88 0  9 0x07b 1
Pixel  1066 1    50.5181    77.5000  88 0 10 0x07b 1
Pixel  1067 1    46.1880    80.0000  88 0  8 0x07b 1
Pixel  1068 1    72.1688    75.0000  89 0  3 0x07c 1
Pixel  1069 1    72.1688    70.0000  89 0  1 0x07c 1
Pixel  1070 1    76.4989    72.5000  89 0  2 0x07c 1
Pixel  1071 1    76.4989    67.5000  89 0  0 0x07c 1
Pixel  1072 1    63.5085    75.0000  89 0  7 0x07c 1
Pixel  1073 1    63.5085    70.0000  89 0  5 0x07c 1
Pixel  1074 1    67.8387    72.5000  89 0  6 0x07c 1
Pixel  1075 1    67.8387    67.5000  89 0  4 0x07c 1
Pixel  1076 1    80.8290    65.0000  89 0 11 0x07c 1
Pixel  1077 1    67.8387    62.5000  89 0  9 0x07c 1
Pixel  1078 1    76.4989    62.5000  89 0 10 0x07c 1
Pixel  1079 1    72.1688    65.0000  89 0  8 0x07c 1
Pixel  1080 1    63.5085    90.0000  90 0  3 0x07d 1
Pixel  1081 1    63.5085    85.0000  90 0  1 0x07d 1
Pixel  1082 1    67.8387    87.5000  90 0  2 0x07d 1
Pixel  1083 1    67.8387    82.5000  90 0  0 0x07d 1
Pixel  1084 1    54.8483    90.0000  90 0  7 0x07d 1
Pixel  1085 1    54.8483    85.0000  90 0  5 0x07d 1
Pixel  1086 1    59.1784    87.5000  90 0  6 0x07d 1
Pixel  1087 1    59.1784    82.5000  90 0  4 0x07d 1
Pixel  1088 1    72.1688    80.0000  90 0 11 0x07d 1
Pixel  1089 1    59.1784    77.5000  90 0  9 0x07d 1
Pixel  1090 1    67.8387    77.5000  90 0 10 0x07d 1
Pixel  1091 1    63.5085    80.0000  90 0  8 0x07d 1
Pixel  1092 1   -49.0748   105.0000  91 0  3 0x080 1
Pixel  1093 1   -49.0748   100.0000  91 0  1 0x080 1
Pixel  1094 1   -44.7446   102.5000  91 0  2 0x080 1
Pixel  1095 1   -44.7446    97.5000  91 0  0 0x080 1
Pixel  1096 1   -57.7350   105.0000  91 0  7 0x080 1
Pixel  1097 1   -57.7350   100.0000  91 0  5 0x080 1
Pixel  1098 1   -53.4049   102.5000  91 0  6 0x080 1
Pixel  1099 1   -53.4049    97.5000  91 0  4 0x080 1
Pixel  1100 1   -40.4145    95.0000  91 0 11 0x080 1
Pixel  1101 1   -53.4049    92.5000  91 0  9 0x080 1
Pixel  1102 1   -44.7446    92.5000  91 0 10 0x080 1
Pixel  1103 1   -49.0748    95.0000  91 0  8 0x080 1
Pixel  1104 1   -31.7543   105.0000  92 0  3 0x082 1
Pixel  1105 1   -31.7543   100.0000  92 0  1 0x082 1
Pixel  1106 1   -27.4241   102.5000  92 0  2 0x082 1
Pixel  1107 1   -27.4241    97.5000  92 0  0 0x082 1
Pixel  1108 1   -40.4145   105.0000  92 0  7 0x082 1
Pixel  1109 1   -40.4145   100.0000  92 0  5 0x082 1
Pixel  1110 1   -36.0844   102.5000  92 0  6 0x082 1
Pixel  1111 1   -36.0844    97.5000  92 0  4 0x082 1
Pixel  1112 1   -23.0940    95.0000  92 0 11 0x082 1
Pixel  1113 1   -36.0844    92.5000  92 0  9 0x082 1
Pixel  1114 1   -27.4241    92.5000  92 0 10 0x082 1
Pixel  1115 1   -31.7543    95.0000  92 0  8 0x082 1
Pixel  1116 1   -14.4338   105.0000  93 0  3 0x084 1
Pixel  1117 1   -14.4338   100.0000  93 0  1 0x084 1
Pixel  1118 1   -10.1036   102.5000  93 0  2 0x084 1
Pixel  1119 1   -10.1036    97.5000  93 0  0 0x084 1
Pixel  1120 1   -23.0940   105.0000  93 0  7 0x084 1
Pixel  1121 1   -23.0940   100.0000  93 0  5 0x084 1
Pixel  1122 1   -18.7639   102.5000  93 0  6 0x084 1
Pixel  1123 1   -18.7639    97.5000  93 0  4 0x084 1
Pixel  1124 1    -5.7735    95.0000  93 0 11 0x084 1
Pixel  1125 1   -18.7639    92.5000  93 0  9 0x084 1
Pixel  1126 1   -10.1036    92.5000  93 0 10 0x084 1
Pixel  1127 1   -14.4338    95.0000  93 0  8 0x084 1
Pixel  1128 1     2.8868   105.0000  94 0  3 0x086 1
Pixel  1129 1     2.8868   100.0000  94 0  1 0x086 1
Pixel  1130 1     7.2169   102.5000  94 0  2 0x086 1
Pixel  1131 1     7.2169    97.5000  94 0  0 0x086 1
Pixel  1132 1    -5.7735   105.0000  94 0  7 0x086 1
Pixel  1133 1    -5.7735   100.0000  94 0  5 0x086 1
Pixel  1134 1    -1.4434   102.5000  94 0  6 0x086 1
Pixel  1135 1    -1.4434    97.5000  94 0  4 0x086 1
Pixel  1136 1    11.5470    95.0000  94 0 11 0x086 1
Pixel  1137 1    -1.4434    92.5000  94 0  9 0x086 1
Pixel  1138 1     7.2169    92.5000  94 0 10 0x086 1
Pixel  1139 1     2.8868    95.0000  94 0  8 0x086 1
Pixel  1140 1    20.2073   105.0000  95 0  3 0x088 1
Pixel  1141 1    20.2073   100.0000  95 0  1 0x088 1
Pixel  1142 1    24.5374   102.5000  95 0  2 0x088 1
Pixel  1143 1    24.5374    97.5000  95 0  0 0x088 1
Pixel  1144 1    11.5470   105.0000  95 0  7 0x088 1
Pixel  1145 1    11.5470   100.0000  95 0  5 0x088 1
Pixel  1146 1    15.8771   102.5000  95 0  6 0x088 1
Pixel  1147 1    15.8771    97.5000  95 0  4 0x088 1
Pixel  1148 1    28.8675    95.0000  95 0 11 0x088 1
Pixel  1149 1    15.8771    92.5000  95 0  9 0x088 1
Pixel  1150 1    24.5374    92.5000  95 0 10 0x088 1
Pixel  1151 1    20.2073    95.0000  95 0  8 0x088 1
Pixel  1152 1    37.5278   105.0000  96 0  3 0x08a 1
Pixel  1153 1    37.5278   100.0000  96 0  1 0x08a 1
Pixel  1154 1    41.8579   102.5000  96 0  2 0x08a 1
Pixel  1155 1    41.8579    97.5000  96 0  0 0x08a 1
Pixel  1156 1    28.8675   105.0000  96 0  7 0x08a 1
Pixel  1157 1    28.8675   100.0000  96 0  5 0x08a 1
Pixel  1158 1    33.1976   102.5000  96 0  6 0x08a 1
Pixel  1159 1    33.1976    97.5000  96 0  4 0x08a 1
Pixel  1160 1    46.1880    95.0000  96 0 11 0x08a 1
Pixel  1161 1    33.1976    92.5000  96 0  9 0x08a 1
Pixel  1162 1    41.8579    92.5000  96 0 10 0x08a 1
Pixel  1163 1    37.5278    95.0000  96 0  8 0x08a 1
Pixel  1164 1    54.8483   105.0000  97 0  3 0x08c 1
Pixel  1165 1    54.8483   100.0000  97 0  1 0x08c 1
Pixel  1166 1    59.1784   102.5000  97 0  2 0x08c 1
Pixel  1167 1    59.1784    97.5000  97 0  0 0x08c 1
Pixel  1168 1    46.1880   105.0000  97 0  7 0x08c 1
Pixel  1169 1    46.1880   100.0000  97 0  5 0x08c 1
Pixel  1170 1    50.5181   102.5000  97 0  6 0x08c 1
Pixel  1171 1    50.5181    97.5000  97 0  4 0x08c 1
Pixel  1172 1    63.5085    95.0000  97 0 11 0x08c 1
Pixel  1173 1    50.5181    92.5000  97 0  9 0x08c 1
Pixel  1174 1    59.1784    92.5000  97 0 10 0x08c 1
Pixel  1175 1    54.8483    95.0000  97 0  8 0x08c 1
Pixel  1176 1    11.5470   -10.0000  98 0  3 0x090 1
Pixel  1177 1     7.2169    -7.5000  98 0  1 0x090 1
Pixel  1178 1     7.2169   -12.5000  98 0  2 0x090 1
Pixel  1179 1     2.8868   -10.0000  98 0  0 0x090 1
Pixel  1180 1    15.8771    -2.5000  98 0  7 0x090 1
Pixel  1181 1    11.5470     0.0000  98 0  5 0x090 1
Pixel  1182 1    11.5470    -5.0000  98 0  6 0x090 1
Pixel  1183 1     7.2169    -2.5000  98 0  4 0x090 1
Pixel  1184 1    -1.4434   -12.5000  98 0 11 0x090 1
Pixel  1185 1     2.8868     0.0000  98 0  9 0x090 1
Pixel  1186 1    -1.4434    -7.5000  98 0 10 0x090 1
Pixel  1187 1     2.8868    -5.0000  98 0  8 0x090 1
Pixel  1188 1    28.8675   -10.0000  99 0  3 0x091 1
Pixel  1189 1    24.5374    -7.5000  99 0  1 0x091 1
Pixel  1190 1    24.5374   -12.5000  99 0  2 0x091 1
Pixel  1191 1    20.2073   -10.0000  99 0  0 0x091 1
Pixel  1192 1    33.1976    -2.5000  99 0  7 0x091 1
Pixel  1193 1    28.8675     0.0000  99 0  5 0x091 1
Pixel  1194 1    28.8675    -5.0000  99 0  6 0x091 1
Pixel  1195 1    24.5374    -2.5000  99 0  4 0x091 1
Pixel  1196 1    15.8771   -12.5000  99 0 11 0x091 1
Pixel  1197 1    20.2073     0.0000  99 0  9 0x091 1
Pixel  1198 1    15.8771    -7.5000  99 0 10 0x091 1
Pixel  1199 1    20.2073    -5.0000  99 0  8 0x091 1
Pixel  1200 1     2.8868   -25.0000 100 0  3 0x092 1
Pixel  1201 1    -1.4434   -22.5000 100 0  1 0x092 1
Pixel  1202 1    -1.4434   -27.5000 100 0  2 0x092 1
Pixel  1203 1    -5.7735   -25.0000 100 0  0 0x092 1
Pixel  1204 1     7.2169   -17.5000 100 0  7 0x092 1
Pixel  1205 1     2.8868   -15.0000 100 0  5 0x092 1
Pixel  1206 1     2.8868   -20.0000 100 0  6 0x092 1
Pixel  1207 1    -1.4434   -17.5000 100 0  4 0x092 1
Pixel  1208 1   -10.1036   -27.5000 100 0 11 0x092 1
Pixel  1209 1    -5.7735   -15.0000 100 0  9 0x092 1
Pixel  1210 1   -10.1036   -22.5000 100 0 10 0x092 1
Pixel  1211 1    -5.7735   -20.0000 100 0  8 0x092 1
Pixel  1212 1    20.2073   -25.0000 101 0  3 0x093 1
Pixel  1213 1    15.8771   -22.5000 101 0  1 0x093 1
Pixel  1214 1    15.8771   -27.5000 101 0  2 0x093 1
Pixel  1215 1    11.5470   -25.0000 101 0  0 0x093 1
Pixel  1216 1    24.5374   -17.5000 101 0  7 0x093 1
Pixel  1217 1    20.2073   -15.0000 101 0  5 0x093 1
Pixel  1218 1    20.2073   -20.0000 101 0  6 0x093 1
Pixel  1219 1    15.8771   -17.5000 101 0  4 0x093 1
Pixel  1220 1     7.2169   -27.5000 101 0 11 0x093 1
Pixel  1221 1    11.5470   -15.0000 101 0  9 0x093 1
Pixel  1222 1     7.2169   -22.5000 101 0 10 0x093 1
Pixel  1223 1    11.5470   -20.0000 101 0  8 0x093 1
Pixel  1224 1    -5.7735   -40.0000 102 0  3 0x094 1
Pixel  1225 1   -10.1036   -37.5000 102 0  1 0x094 1
Pixel  1226 1   -10.1036   -42.5000 102 0  2 0x094 1
Pixel  1227 1   -14.4338   -40.0000 102 0  0 0x094 1
Pixel  1228 1    -1.4434   -32.5000 102 0  7 0x094 1
Pixel  1229 1    -5.7735   -30.0000 102 0  5 0x094 1
Pixel  1230 1    -5.7735   -35.0000 102 0  6 0x094 1
Pixel  1231 1   -10.1036   -32.5000 102 0  4 0x094 1
Pixel  1232 1   -18.7639   -42.5000 102 0 11 0x094 1
Pixel  1233 1   -14.4338   -30.0000 102 0  9 0x094 1
Pixel  1234 1   -18.7639   -37.5000 102 0 10 0x094 1
Pixel  1235 1   -14.4338   -35.0000 102 0  8 0x094 1
Pixel  1236 1    11.5470   -40.0000 103 0  3 0x095 1
Pixel  1237 1     7.2169   -37.5000 103 0  1 0x095 1
Pixel  1238 1     7.2169   -42.5000 103 0  2 0x095 1
Pixel  1239 1     2.8868   -40.0000 103 0  0 0x095 1
Pixel  1240 1    15.8771   -32.5000 103 0  7 0x095 1
Pixel  1241 1    11.5470   -30.0000 103 0  5 0x095 1
Pixel  1242 1    11.5470   -35.0000 103 0  6 0x095 1
Pixel  1243 1     7.2169   -32.5000 103 0  4 0x095 1
Pixel  1244 1    -1.4434   -42.5000 103 0 11 0x095 1
Pixel  1245 1     2.8868   -30.0000 103 0  9 0x095 1
Pixel  1246 1    -1.4434   -37.5000 103 0 10 0x095 1
Pixel  1247 1     2.8868   -35.0000 103 0  8 0x095 1
Pixel  1248 1   -14.4338   -55.0000 104 0  3 0x096 1
Pixel  1249 1   -18.7639   -52.5000 104 0  1 0x096 1
Pixel  1250 1   -18.7639   -57.5000 104 0  2 0x096 1
Pixel  1251 1   -23.0940   -55.0000 104 0  0 0x096 1
Pixel  1252 1   -10.1036   -47.5000 104 0  7 0x096 1
Pixel  1253 1   -14.4338   -45.0000 104 0  5 0x096 1
Pixel  1254 1   -14.4338   -50.0000 104 0  6 0x096 1
Pixel  1255 1   -18.7639   -47.5000 104 0  4 0x096 1
Pixel  1256 1   -27.4241   -57.5000 104 0 11 0x096 1
Pixel  1257 1   -23.0940   -45.0000 104 0  9 0x096 1
Pixel  1258 1   -27.4241   -52.5000 104 0 10 0x096 1
Pixel  1259 1   -23.0940   -50.0000 104 0  8 0x096 1
Pixel  1260 1     2.8868   -55.0000 105 0  3 0x097 1
Pixel  1261 1    -1.4434   -52.5000 105 0  1 0x097 1
Pixel  1262 1    -1.4434   -57.5000 105 0  2 0x097 1
Pixel  1263 1    -5.7735   -55.0000 105 0  0 0x097 1
Pixel  1264 1     7.2169   -47.5000 105 0  7 0x097 1
Pixel  1265 1     2.8868   -45.0000 105 0  5 0x097 1
Pixel  1266 1     2.8868   -50.0000 105 0  6 0x097 1
Pixel  1267 1    -1.4434   -47.5000 105 0  4 0x097 1
Pixel  1268 1   -10.1036   -57.5000 105 0 11 0x097 1
Pixel  1269 1    -5.7735   -45.0000 105 0  9 0x097 1
Pixel  1270 1   -10.1036   -52.5000 105 0 10 0x097 1
Pixel  1271 1    -5.7735   -50.0000 105 0  8 0x097 1
Pixel  1272 1   -23.0940   -70.0000 106 0  3 0x098 1
Pixel  1273 1   -27.4241   -67.5000 106 0  1 0x098 1
Pixel  1274 1   -27.4241   -72.5000 106 0  2 0x098 1
Pixel  1275 1   -31.7543   -70.0000 106 0  0 0x098 1
Pixel  1276 1   -18.7639   -62.5000 106 0  7 0x098 1
Pixel  1277 1   -23.0940   -60.0000 106 0  5 0x098 1
Pixel  1278 1   -23.0940   -65.0000 106 0  6 0x098 1
Pixel  1279 1   -27.4241   -62.5000 106 0  4 0x098 1
Pixel  1280 1   -36.0844   -72.5000 106 0 11 0x098 1
Pixel  1281 1   -31.7543   -60.0000 106 0  9 0x098 1
Pixel  1282 1   -36.0844   -67.5000 106 0 10 0x098 1
Pixel  1283 1   -31.7543   -65.0000 106 0  8 0x098 1
Pixel  1284 1    -5.7735   -70.0000 107 0  3 0x099 1
Pixel  1285 1   -10.1036   -67.5000 107 0  1 0x099 1
Pixel  1286 1   -10.1036   -72.5000 107 0  2 0x099 1
Pixel  1287 1   -14.4338   -70.0000 107 0  0 0x099 1
Pixel  1288 1    -1.4434   -62.5000 107 0  7 0x099 1
Pixel  1289 1    -5.7735   -60.0000 107 0  5 0x099 1
Pixel  1290 1    -5.7735   -65.0000 107 0  6 0x099 1
Pixel  1291 1   -10.1036   -62.5000 107 0  4 0x099 1
Pixel  1292 1   -18.7639   -72.5000 107 0 11 0x099 1
Pixel  1293 1   -14.4338   -60.0000 107 0  9 0x099 1
Pixel  1294 1   -18.7639   -67.5000 107 0 10 0x099 1
Pixel  1295 1   -14.4338   -65.0000 107 0  8 0x099 1
Pixel  1296 1   -31.7543   -85.0000 108 0  3 0x09a 1
Pixel  1297 1   -36.0844   -82.5000 108 0  1 0x09a 1
Pixel  1298 1   -36.0844   -87.5000 108 0  2 0x09a 1
Pixel  1299 1   -40.4145   -85.0000 108 0  0 0x09a 1
Pixel  1300 1   -27.4241   -77.5000 108 0  7 0x09a 1
Pixel  1301 1   -31.7543   -75.0000 108 0  5 0x09a 1
Pixel  1302 1   -31.7543   -80.0000 108 0  6 0x09a 1
Pixel  1303 1   -36.0844   -77.5000 108 0  4 0x09a 1
Pixel  1304 1   -44.7446   -87.5000 108 0 11 0x09a 1
Pixel  1305 1   -40.4145   -75.0000 108 0  9 0x09a 1
Pixel  1306 1   -44.7446   -82.5000 108 0 10 0x09a 1
Pixel  1307 1   -40.4145   -80.0000 108 0  8 0x09a 1
Pixel  1308 1   -14.4338   -85.0000 109 0  3 0x09b 1
Pixel  1309 1   -18.7639   -82.5000 109 0  1 0x09b 1
Pixel  1310 1   -18.7639   -87.5000 109 0  2 0x09b 1
Pixel  1311 1   -23.0940   -85.0000 109 0  0 0x09b 1
Pixel  1312 1   -10.1036   -77.5000 109 0  7 0x09b 1
Pixel  1313 1   -14.4338   -75.0000 109 0  5 0x09b 1
Pixel  1314 1   -14.4338   -80.0000 109 0  6 0x09b 1
Pixel  1315 1   -18.7639   -77.5000 109 0  4 0x09b 1
Pixel  1316 1   -27.4241   -87.5000 109 0 11 0x09b 1
Pixel  1317 1   -23.0940   -75.0000 109 0  9 0x09b 1
Pixel  1318 1   -27.4241   -82.5000 109 0 10 0x09b 1
Pixel  1319 1   -23.0940   -80.0000 109 0  8 0x09b 1
Pixel  1320 1   -40.4145  -100.0000 110 0  3 0x09c 1
Pixel  1321 1   -44.7446   -97.5000 110 0  1 0x09c 1
Pixel  1322 1   -44.7446  -102.5000 110 0  2 0x09c 1
Pixel  1323 1   -49.0748  -100.0000 110 0  0 0x09c 1
Pixel  1324 1   -36.0844   -92.5000 110 0  7 0x09c 1
Pixel  1325 1   -40.4145   -90.0000 110 0  5 0x09c 1
Pixel  1326 1   -40.4145   -95.0000 110 0  6 0x09c 1
Pixel  1327 1   -44.7446   -92.5000 110 0  4 0x09c 1
Pixel  1328 1   -53.4049  -102.5000 110 0 11 0x09c 1
Pixel  1329 1   -49.0748   -90.0000 110 0  9 0x09c 1
Pixel  1330 1   -53.4049   -97.5000 110 0 10 0x09c 1
Pixel  1331 1   -49.0748   -95.0000 110 0  8 0x09c 1
Pixel  1332 1   -23.0940  -100.0000 111 0  3 0x09d 1
Pixel  1333 1   -27.4241   -97.5000 111 0  1 0x09d 1
Pixel  1334 1   -27.4241  -102.5000 111 0  2 0x09d 1
Pixel  1335 1   -31.7543  -100.0000 111 0  0 0x09d 1
Pixel  1336 1   -18.7639   -92.5000 111 0  7 0x09d 1
Pixel  1337 1   -23.0940   -90.0000 111 0  5 0x09d 1
Pixel  1338 1   -23.0940   -95.0000 111 0  6 0x09d 1
Pixel  1339 1   -27.4241   -92.5000 111 0  4 0x09d 1
Pixel  1340 1   -36.0844  -102.5000 111 0 11 0x09d 1
Pixel  1341 1   -31.7543   -90.0000 111 0  9 0x09d 1
Pixel  1342 1   -36.0844   -97.5000 111 0 10 0x09d 1
Pixel  1343 1   -31.7543   -95.0000 111 0  8 0x09d 1
Pixel  1344 1    46.1880   -10.0000 112 0  3 0x0a0 1
Pixel  1345 1    41.8579    -7.5000 112 0  1 0x0a0 1
Pixel  1346 1    41.8579   -12.5000 112 0  2 0x0a0 1
Pixel  1347 1    37.5278   -10.0000 112 0  0 0x0a0 1
Pixel  1348 1    50.5181    -2.5000 112 0  7 0x0a0 1
Pixel  1349 1    46.1880     0.0000 112 0  5 0x0a0 1
Pixel  1350 1    46.1880    -5.0000 112 0  6 0x0a0 1
Pixel  1351 1    41.8579    -2.5000 112 0  4 0x0a0 1
Pixel  1352 1    33.1976   -12.5000 112 0 11 0x0a0 1
Pixel  1353 1    37.5278     0.0000 112 0  9 0x0a0 1
Pixel  1354 1    33.1976    -7.5000 112 0 10 0x0a0 1
Pixel  1355 1    37.5278    -5.0000 112 0  8 0x0a0 1
Pixel  1356 1    63.5085   -10.0000 113 0  3 0x0a1 1
Pixel  1357 1    59.1784    -7.5000 113 0  1 0x0a1 1
Pixel  1358 1    59.1784   -12.5000 113 0  2 0x0a1 1
Pixel  1359 1    54.8483   -10.0000 113 0  0 0x0a1 1
Pixel  1360 1    67.8387    -2.5000 113 0  7 0x0a1 1
Pixel  1361 1    63.5085     0.0000 113 0  5 0x0a1 1
Pixel  1362 1    63.5085    -5.0000 113 0  6 0x0a1 1
Pixel  1363 1    59.1784    -2.5000 113 0  4 0x0a1 1
Pixel  1364 1    50.5181   -12.5000 113 0 11 0x0a1 1
Pixel  1365 1    54.8483     0.0000 113 0  9 0x0a1 1
Pixel  1366 1    50.5181    -7.5000 113 0 10 0x0a1 1
Pixel  1367 1    54.8483    -5.0000 113 0  8 0x0a1 1
Pixel  1368 1    37.5278   -25.0000 114 0  3 0x0a2 1
Pixel  1369 1    33.1976   -22.5000 114 0  1 0x0a2 1
Pixel  1370 1    33.1976   -27.5000 114 0  2 0x0a2 1
Pixel  1371 1    28.8675   -25.0000 114 0  0 0x0a2 1
Pixel  1372 1    41.8579   -17.5000 114 0  7 0x0a2 1
Pixel  1373 1    37.5278   -15.0000 114 0  5 0x0a2 1
Pixel  1374 1    37.5278   -20.0000 114 0  6 0x0a2 1
Pixel  1375 1    33.1976   -17.5000 114 0  4 0x0a2 1
Pixel  1376 1    24.5374   -27.5000 114 0 11 0x0a2 1
Pixel  1377 1    28.8675   -15.0000 114 0  9 0x0a2 1
Pixel  1378 1    24.5374   -22.5000 114 0 10 0x0a2 1
Pixel  1379 1    28.8675   -20.0000 114 0  8 0x0a2 1
Pixel  1380 1    54.8483   -25.0000 115 0  3 0x0a3 1
Pixel  1381 1    50.5181   -22.5000 115 0  1 0x0a3 1
Pixel  1382 1    50.5181   -27.5000 115 0  2 0x0a3 1
Pixel  1383 1    46.1880   -25.0000 115 0  0 0x0a3 1
Pixel  1384 1    59.1784   -17.5000 115 0  7 0x0a3 1
Pixel  1385 1    54.8483   -15.0000 115 0  5 0x0a3 1
Pixel  1386 1    54.8483   -20.0000 115 0  6 0x0a3 1
Pixel  1387 1    50.5181   -17.5000 115 0  4 0x0a3 1
Pixel  1388 1    41.8579   -27.5000 115 0 11 0x0a3 1
Pixel  1389 1    46.1880   -15.0000 115 0  9 0x0a3 1
Pixel  1390 1    41.8579   -22.5000 115 0 10 0x0a3 1
Pixel  1391 1    46.1880   -20.0000 115 0  8 0x0a3 1
Pixel  1392 1    28.8675   -40.0000 116 0  3 0x0a4 1
Pixel  1393 1    24.5374   -37.5000 116 0  1 0x0a4 1
Pixel  1394 1    24.5374   -42.5000 116 0  2 0x0a4 1
Pixel  1395 1    20.2073   -40.0000 116 0  0 0x0a4 0
Pixel  1396 1    33.1976   -32.5000 116 0  7 0x0a4 1
Pixel  1397 1    28.8675   -30.0000 116 0  5 0x0a4 1
Pixel  1398 1    28.8675   -35.0000 116 0  6 0x0a4 1
Pixel  1399 1    24.5374   -32.5000 116 0  4 0x0a4 1
Pixel  1400 1    15.8771   -42.5000 116 0 11 0x0a4 1
Pixel  1401 1    20.2073   -30.0000 116 0  9 0x0a4 1
Pixel  1402 1    15.8771   -37.5000 116 0 10 0x0a4 1
Pixel  1403 1    20.2073   -35.0000 116 0  8 0x0a4 1
Pixel  1404 1    46.1880   -40.0000 117 0  3 0x0a5 1
Pixel  1405 1    41.8579   -37.5000 117 0  1 0x0a5 1
Pixel  1406 1    41.8579   -42.5000 117 0  2 0x0a5 1
Pixel  1407 1    37.5278   -40.0000 117 0  0 0x0a5 1
Pixel  1408 1    50.5181   -32.5000 117 0  7 0x0a5 1
Pixel  1409 1    46.1880   -30.0000 117 0  5 0x0a5 1
Pixel  1410 1    46.1880   -35.0000 117 0  6 0x0a5 1
Pixel  1411 1    41.8579   -32.5000 117 0  4 0x0a5 1
Pixel  1412 1    33.1976   -42.5000 117 0 11 0x0a5 1
Pixel  1413 1    37.5278   -30.0000 117 0  9 0x0a5 1
Pixel  1414 1    33.1976   -37.5000 117 0 10 0x0a5 1
Pixel  1415 1    37.5278   -35.0000 117 0  8 0x0a5 1
Pixel  1416 1    20.2073   -55.0000 118 0  3 0x0a6 1
Pixel  1417 1    15.8771   -52.5000 118 0  1 0x0a6 1
Pixel  1418 1    15.8771   -57.5000 118 0  2 0x0a6 1
Pixel  1419 1    11.5470   -55.0000 118 0  0 0x0a6 1
Pixel  1420 1    24.5374   -47.5000 118 0  7 0x0a6 1
Pixel  1421 1    20.2073   -45.0000 118 0  5 0x0a6 1
Pixel  1422 1    20.2073   -50.0000 118 0  6 0x0a6 1
Pixel  1423 1    15.8771   -47.5000 118 0  4 0x0a6 1
Pixel  1424 1     7.2169   -57.5000 118 0 11 0x0a6 1
Pixel  1425 1    11.5470   -45.0000 118 0  9 0x0a6 1
Pixel  1426 1     7.2169   -52.5000 118 0 10 0x0a6 1
Pixel  1427 1    11.5470   -50.0000 118 0  8 0x0a6 1
Pixel  1428 1    37.5278   -55.0000 119 0  3 0x0a7 1
Pixel  1429 1    33.1976   -52.5000 119 0  1 0x0a7 1
Pixel  1430 1    33.1976   -57.5000 119 0  2 0x0a7 1
Pixel  1431 1    28.8675   -55.0000 119 0  0 0x0a7 1
Pixel  1432 1    41.8579   -47.5000 119 0  7 0x0a7 1
Pixel  1433 1    37.5278   -45.0000 119 0  5 0x0a7 1
Pixel  1434 1    37.5278   -50.0000 119 0  6 0x0a7 1
Pixel  1435 1    33.1976   -47.5000 119 0  4 0x0a7 1
Pixel  1436 1    24.5374   -57.5000 119 0 11 0x0a7 1
Pixel  1437 1    28.8675   -45.0000 119 0  9 0x0a7 1
Pixel  1438 1    24.5374   -52.5000 119 0 10 0x0a7 1
Pixel  1439 1    28.8675   -50.0000 119 0  8 0x0a7 1
Pixel  1440 1    11.5470   -70.0000 120 0  3 0x0a8 1
Pixel  1441 1     7.2169   -67.5000 120 0  1 0x0a8 1
Pixel  1442 1     7.2169   -72.5000 120 0  2 0x0a8 1
Pixel  1443 1     2.8868   -70.0000 120 0  0 0x0a8 1
Pixel  1444 1    15.8771   -62.5000 120 0  7 0x0a8 1
Pixel  1445 1    11.5470   -60.0000 120 0  5 0x0a8 1
Pixel  1446 1    11.5470   -65.0000 120 0  6 0x0a8 1
Pixel  1447 1     7.2169   -62.5000 120 0  4 0x0a8 1
Pixel  1448 1    -1.4434   -72.5000 120 0 11 0x0a8 1
Pixel  1449 1     2.8868   -60.0000 120 0  9 0x0a8 1
Pixel  1450 1    -1.4434   -67.5000 120 0 10 0x0a8 1
Pixel  1451 1     2.8868   -65.0000 120 0  8 0x0a8 1
Pixel  1452 1    28.8675   -70.0000 121 0  3 0x0a9 1
Pixel  1453 1    24.5374   -67.5000 121 0  1 0x0a9 1
Pixel  1454 1    24.5374   -72.5000 121 0  2 0x0a9 1
Pixel  1455 1    20.2073   -70.0000 121 0  0 0x0a9 1
Pixel  1456 1    33.1976   -62.5000 121 0  7 0x0a9 1
Pixel  1457 1    28.8675   -60.0000 121 0  5 0x0a9 1
Pixel  1458 1    28.8675   -65.0000 121 0  6 0x0a9 1
Pixel  1459 1    24.5374   -62.5000 121 0  4 0x0a9 1
Pixel  1460 1    15.8771   -72.5000 121 0 11 0x0a9 1
Pixel  1461 1    20.2073   -60.0000 121 0  9 0x0a9 1
Pixel  1462 1    15.8771   -67.5000 121 0 10 0x0a9 1
Pixel  1463 1    20.2073   -65.0000 121 0  8 0x0a9 1
Pixel  1464 1     2.8868   -85.0000 122 0  3 0x0aa 1
Pixel  1465 1    -1.4434   -82.5000 122 0  1 0x0aa 1
Pixel  1466 1    -1.4434   -87.5000 122 0  2 0x0aa 1
Pixel  1467 1    -5.7735   -85.0000 122 0  0 0x0aa 1
Pixel  1468 1     7.2169   -77.5000 122 0  7 0x0aa 1
Pixel  1469 1     2.8868   -75.0000 122 0  5 0x0aa 1
Pixel  1470 1     2.8868   -80.0000 122 0  6 0x0aa 1
Pixel  1471 1    -1.4434   -77.5000 122 0  4 0x0aa 1
Pixel  1472 1   -10.1036   -87.5000 122 0 11 0x0aa 1
Pixel  1473 1    -5.7735   -75.0000 122 0  9 0x0aa 1
Pixel  1474 1   -10.1036   -82.5000 122 0 10 0x0aa 1
Pixel  1475 1    -5.7735   -80.0000 122 0  8 0x0aa 1
Pixel  1476 1    20.2073   -85.0000 123 0  3 0x0ab 1
Pixel  1477 1    15.8771   -82.5000 123 0  1 0x0ab 1
Pixel  1478 1    15.8771   -87.5000 123 0  2 0x0ab 1
Pixel  1479 1    11.5470   -85.0000 123 0  0 0x0ab 1
Pixel  1480 1    24.5374   -77.5000 123 0  7 0x0ab 1
Pixel  1481 1    20.2073   -75.0000 123 0  5 0x0ab 1
Pixel  1482 1    20.2073   -80.0000 123 0  6 0x0ab 1
Pixel  1483 1    15.8771   -77.5000 123 0  4 0x0ab 1
Pixel  1484 1     7.2169   -87.5000 123 0 11 0x0ab 1
Pixel  1485 1    11.5470   -75.0000 123 0  9 0x0ab 1
Pixel  1486 1     7.2169   -82.5000 123 0 10 0x0ab 1
Pixel  1487 1    11.5470   -80.0000 123 0  8 0x0ab 1
Pixel  1488 1    -5.7735  -100.0000 124 0  3 0x0ac 1
Pixel  1489 1   -10.1036   -97.5000 124 0  1 0x0ac 1
Pixel  1490 1   -10.1036  -102.5000 124 0  2 0x0ac 1
Pixel  1491 1   -14.4338  -100.0000 124 0  0 0x0ac 1
Pixel  1492 1    -1.4434   -92.5000 124 0  7 0x0ac 1
Pixel  1493 1    -5.7735   -90.0000 124 0  5 0x0ac 1
Pixel  1494 1    -5.7735   -95.0000 124 0  6 0x0ac 1
Pixel  1495 1   -10.1036   -92.5000 124 0  4 0x0ac 1
Pixel  1496 1   -18.7639  -102.5000 124 0 11 0x0ac 1
Pixel  1497 1   -14.4338   -90.0000 124 0  9 0x0ac 1
Pixel  1498 1   -18.7639   -97.5000 124 0 10 0x0ac 1
Pixel  1499 1   -14.4338   -95.0000 124 0  8 0x0ac 1
Pixel  1500 1    11.5470  -100.0000 125 0  3 0x0ad 1
Pixel  1501 1     7.2169   -97.5000 125 0  1 0x0ad 1
Pixel  1502 1     7.2169  -102.5000 125 0  2 0x0ad 1
Pixel  1503 1     2.8868  -100.0000 125 0  0 0x0ad 1
Pixel  1504 1    15.8771   -92.5000 125 0  7 0x0ad 1
Pixel  1505 1    11.5470   -90.0000 125 0  5 0x0ad 1
Pixel  1506 1    11.5470   -95.0000 125 0  6 0x0ad 1
Pixel  1507 1     7.2169   -92.5000 125 0  4 0x0ad 1
Pixel  1508 1    -1.4434  -102.5000 125 0 11 0x0ad 1
Pixel  1509 1     2.8868   -90.0000 125 0  9 0x0ad 1
Pixel  1510 1    -1.4434   -97.5000 125 0 10 0x0ad 1
Pixel  1511 1     2.8868   -95.0000 125 0  8 0x0ad 1
Pixel  1512 1    80.8290   -10.0000 126 0  3 0x0b0 1
Pixel  1513 1    76.4989    -7.5000 126 0  1 0x0b0 1
Pixel  1514 1    76.4989   -12.5000 126 0  2 0x0b0 1
Pixel  1515 1    72.1688   -10.0000 126 0  0 0x0b0 1
Pixel  1516 1    85.1592    -2.5000 126 0  7 0x0b0 1
Pixel  1517 1    80.8290     0.0000 126 0  5 0x0b0 1
Pixel  1518 1    80.8290    -5.0000 126 0  6 0x0b0 1
Pixel  1519 1    76.4989    -2.5000 126 0  4 0x0b0 1
Pixel  1520 1    67.8387   -12.5000 126 0 11 0x0b0 1
Pixel  1521 1    72.1688     0.0000 126 0  9 0x0b0 1
Pixel  1522 1    67.8387    -7.5000 126 0 10 0x0b0 1
Pixel  1523 1    72.1688    -5.0000 126 0  8 0x0b0 1
Pixel  1524 1    98.1495   -10.0000 127 0  3 0x0b1 1
Pixel  1525 1    93.8194    -7.5000 127 0  1 0x0b1 1
Pixel  1526 1    93.8194   -12.5000 127 0  2 0x0b1 1
Pixel  1527 1    89.4893   -10.0000 127 0  0 0x0b1 1
Pixel  1528 1   102.4797    -2.5000 127 0  7 0x0b1 1
Pixel  1529 1    98.1495     0.0000 127 0  5 0x0b1 1
Pixel  1530 1    98.1495    -5.0000 127 0  6 0x0b1 1
Pixel  1531 1    93.8194    -2.5000 127 0  4 0x0b1 1
Pixel  1532 1    85.1592   -12.5000 127 0 11 0x0b1 1
Pixel  1533 1    89.4893     0.0000 127 0  9 0x0b1 1
Pixel  1534 1    85.1592    -7.5000 127 0 10 0x0b1 1
Pixel  1535 1    89.4893    -5.0000 127 0  8 0x0b1 1
Pixel  1536 1    72.1688   -25.0000 128 0  3 0x0b2 1
Pixel  1537 1    67.8387   -22.5000 128 0  1 0x0b2 1
Pixel  1538 1    67.8387   -27.5000 128 0  2 0x0b2 1
Pixel  1539 1    63.5085   -25.0000 128 0  0 0x0b2 1
Pixel  1540 1    76.4989   -17.5000 128 0  7 0x0b2 1
Pixel  1541 1    72.1688   -15.0000 128 0  5 0x0b2 1
Pixel  1542 1    72.1688   -20.0000 128 0  6 0x0b2 1
Pixel  1543 1    67.8387   -17.5000 128 0  4 0x0b2 1
Pixel  1544 1    59.1784   -27.5000 128 0 11 0x0b2 1
Pixel  1545 1    63.5085   -15.0000 128 0  9 0x0b2 1
Pixel  1546 1    59.1784   -22.5000 128 0 10 0x0b2 1
Pixel  1547 1    63.5085   -20.0000 128 0  8 0x0b2 1
Pixel  1548 1    89.4893   -25.0000 129 0  3 0x0b3 1
Pixel  1549 1    85.1592   -22.5000 129 0  1 0x0b3 1
Pixel  1550 1    85.1592   -27.5000 129 0  2 0x0b3 1
Pixel  1551 1    80.8290   -25.0000 129 0  0 0x0b3 1
Pixel  1552 1    93.8194   -17.5000 129 0  7 0x0b3 1
Pixel  1553 1    89.4893   -15.0000 129 0  5 0x0b3 1
Pixel  1554 1    89.4893   -20.0000 129 0  6 0x0b3 1
Pixel  1555 1    85.1592   -17.5000 129 0  4 0x0b3 1
Pixel  1556 1    76.4989   -27.5000 129 0 11 0x0b3 1
Pixel  1557 1    80.8290   -15.0000 129 0  9 0x0b3 1
Pixel  1558 1    76.4989   -22.5000 129 0 10 0x0b3 1
Pixel  1559 1    80.8290   -20.0000 129 0  8 0x0b3 1
Pixel  1560 1    63.5085   -40.0000 130 0  3 0x0b4 1
Pixel  1561 1    59.1784   -37.5000 130 0  1 0x0b4 1
Pixel  1562 1    59.1784   -42.5000 130 0  2 0x0b4 1
Pixel  1563 1    54.8483   -40.0000 130 0  0 0x0b4 1
Pixel  1564 1    67.8387   -32.5000 130 0  7 0x0b4 1
Pixel  1565 1    63.5085   -30.0000 130 0  5 0x0b4 1
Pixel  1566 1    63.5085   -35.0000 130 0  6 0x0b4 1
Pixel  1567 1    59.1784   -32.5000 130 0  4 0x0b4 1
Pixel  1568 1    50.5181   -42.5000 130 0 11 0x0b4 1
Pixel  1569 1    54.8483   -30.0000 130 0  9 0x0b4 1
Pixel  1570 1    50.5181   -37.5000 130 0 10 0x0b4 1
Pixel  1571 1    54.8483   -35.0000 130 0  8 0x0b4 1
Pixel  1572 1    80.8290   -40.0000 131 0  3 0x0b5 1
Pixel  1573 1    76.4989   -37.5000 131 0  1 0x0b5 1
Pixel  1574 1    76.4989   -42.5000 131 0  2 0x0b5 1
Pixel  1575 1    72.1688   -40.0000 131 0  0 0x0b5 1
Pixel  1576 1    85.1592   -32.5000 131 0  7 0x0b5 1
Pixel  1577 1    80.8290   -30.0000 131 0  5 0x0b5 1
Pixel  1578 1    80.8290   -35.0000 131 0  6 0x0b5 1
Pixel  1579 1    76.4989   -32.5000 131 0  4 0x0b5 1
Pixel  1580 1    67.8387   -42.5000 131 0 11 0x0b5 1
Pixel  1581 1    72.1688   -30.0000 131 0  9 0x0b5 1
Pixel  1582 1    67.8387   -37.5000 131 0 10 0x0b5 1
Pixel  1583 1    72.1688   -35.0000 131 0  8 0x0b5 1
Pixel  1584 1    54.8483   -55.0000 132 0  3 0x0b6 1
Pixel  1585 1    50.5181   -52.5000 132 0  1 0x0b6 1
Pixel  1586 1    50.5181   -57.5000 132 0  2 0x0b6 1
Pixel  1587 1    46.1880   -55.0000 132 0  0 0x0b6 1
Pixel  1588 1    59.1784   -47.5000 132 0  7 0x0b6 1
Pixel  1589 1    54.8483   -45.0000 132 0  5 0x0b6 1
Pixel  1590 1    54.8483   -50.0000 132 0  6 0x0b6 1
Pixel  1591 1    50.5181   -47.5000 132 0  4 0x0b6 1
Pixel  1592 1    41.8579   -57.5000 132 0 11 0x0b6 1
Pixel  1593 1    46.1880   -45.0000 132 0  9 0x0b6 1
Pixel  1594 1    41.8579   -52.5000 132 0 10 0x0b6 1
Pixel  1595 1    46.1880   -50.0000 132 0  8 0x0b6 1
Pixel  1596 1    72.1688   -55.0000 133 0  3 0x0b7 1
Pixel  1597 1    67.8387   -52.5000 133 0  1 0x0b7 1
Pixel  1598 1    67.8387   -57.5000 133 0  2 0x0b7 1
Pixel  1599 1    63.5085   -55.0000 133 0  0 0x0b7 1
Pixel  1600 1    76.4989   -47.5000 133 0  7 0x0b7 1
Pixel  1601 1    72.1688   -45.0000 133 0  5 0x0b7 1
Pixel  1602 1    72.1688   -50.0000 133 0  6 0x0b7 1
Pixel  1603 1    67.8387   -47.5000 133 0  4 0x0b7 1
Pixel  1604 1    59.1784   -57.5000 133 0 11 0x0b7 1
Pixel  1605 1    63.5085   -45.0000 133 0  9 0x0b7 1
Pixel  1606 1    59.1784   -52.5000 133 0 10 0x0b7 1
Pixel  1607 1    63.5085   -50.0000 133 0  8 0x0b7 1
Pixel  1608 1    46.1880   -70.0000 134 0  3 0x0b8 1
Pixel  1609 1    41.8579   -67.5000 134 0  1 0x0b8 1
Pixel  1610 1    41.8579   -72.5000 134 0  2 0x0b8 1
Pixel  1611 1    37.5278   -70.0000 134 0  0 0x0b8 1
Pixel  1612 1    50.5181   -62.5000 134 0  7 0x0b8 1
Pixel  1613 1    46.1880   -60.0000 134 0  5 0x0b8 1
Pixel  1614 1    46.1880   -65.0000 134 0  6 0x0b8 1
Pixel  1615 1    41.8579   -62.5000 134 0  4 0x0b8 1
Pixel  1616 1    33.1976   -72.5000 134 0 11 0x0b8 1
Pixel  1617 1    37.5278   -60.0000 134 0  9 0x0b8 1
Pixel  1618 1    33.1976   -67.5000 134 0 10 0x0b8 1
Pixel  1619 1    37.5278   -65.0000 134 0  8 0x0b8 1
Pixel  1620 1    63.5085   -70.0000 135 0  3 0x0b9 1
Pixel  1621 1    59.1784   -67.5000 135 0  1 0x0b9 1
Pixel  1622 1    59.1784   -72.5000 135 0  2 0x0b9 1
Pixel  1623 1    54.8483   -70.0000 135 0  0 0x0b9 1
Pixel  1624 1    67.8387   -62.5000 135 0  7 0x0b9 1
Pixel  1625 1    63.5085   -60.0000 135 0  5 0x0b9 1
Pixel  1626 1    63.5085   -65.0000 135 0  6 0x0b9 1
Pixel  1627 1    59.1784   -62.5000 135 0  4 0x0b9 1
Pixel  1628 1    50.5181   -72.5000 135 0 11 0x0b9 1
Pixel  1629 1    54.8483   -60.0000 135 0  9 0x0b9 1
Pixel  1630 1    50.5181   -67.5000 135 0 10 0x0b9 1
Pixel  1631 1    54.8483   -65.0000 135 0  8 0x0b9 1
Pixel  1632 1    37.5278   -85.0000 136 0  3 0x0ba 1
Pixel  1633 1    33.1976   -82.5000 136 0  1 0x0ba 1
Pixel  1634 1    33.1976   -87.5000 136 0  2 0x0ba 1
Pixel  1635 1    28.8675   -85.0000 136 0  0 0x0ba 1
Pixel  1636 1    41.8579   -77.5000 136 0  7 0x0ba 1
Pixel  1637 1    37.5278   -75.0000 136 0  5 0x0ba 1
Pixel  1638 1    37.5278   -80.0000 136 0  6 0x0ba 1
Pixel  1639 1    33.1976   -77.5000 136 0  4 0x0ba 1
Pixel  1640 1    24.5374   -87.5000 136 0 11 0x0ba 1
Pixel  1641 1    28.8675   -75.0000 136 0  9 0x0ba 1
Pixel  1642 1    24.5374   -82.5000 136 0 10 0x0ba 1
Pixel  1643 1    28.8675   -80.0000 136 0  8 0x0ba 1
Pixel  1644 1    54.8483   -85.0000 137 0  3 0x0bb 1
Pixel  1645 1    50.5181   -82.5000 137 0  1 0x0bb 1
Pixel  1646 1    50.5181   -87.5000 137 0  2 0x0bb 1
Pixel  1647 1    46.1880   -85.0000 137 0  0 0x0bb 1
Pixel  1648 1    59.1784   -77.5000 137 0  7 0x0bb 1
Pixel  1649 1    54.8483   -75.0000 137 0  5 0x0bb 1
Pixel  1650 1    54.8483   -80.0000 137 0  6 0x0bb 1
Pixel  1651 1    50.5181   -77.5000 137 0  4 0x0bb 1
Pixel  1652 1    41.8579   -87.5000 137 0 11 0x0bb 1
Pixel  1653 1    46.1880   -75.0000 137 0  9 0x0bb 1
Pixel  1654 1    41.8579   -82.5000 137 0 10 0x0bb 1
Pixel  1655 1    46.1880   -80.0000 137 0  8 0x0bb 1
Pixel  1656 1    28.8675  -100.0000 138 0  3 0x0bc 1
Pixel  1657 1    24.5374   -97.5000 138 0  1 0x0bc 1
Pixel  1658 1    24.5374  -102.5000 138 0  2 0x0bc 1
Pixel  1659 1    20.2073  -100.0000 138 0  0 0x0bc 1
Pixel  1660 1    33.1976   -92.5000 138 0  7 0x0bc 1
Pixel  1661 1    28.8675   -90.0000 138 0  5 0x0bc 1
Pixel  1662 1    28.8675   -95.0000 138 0  6 0x0bc 1
Pixel  1663 1    24.5374   -92.5000 138 0  4 0x0bc 1
Pixel  1664 1    15.8771  -102.5000 138 0 11 0x0bc 1
Pixel  1665 1    20.2073   -90.0000 138 0  9 0x0bc 1
Pixel  1666 1    15.8771   -97.5000 138 0 10 0x0bc 1
Pixel  1667 1    20.2073   -95.0000 138 0  8 0x0bc 1
Pixel  1668 1    46.1880  -100.0000 139 0  3 0x0bd 1
Pixel  1669 1    41.8579   -97.5000 139 0  1 0x0bd 1
Pixel  1670 1    41.8579  -102.5000 139 0  2 0x0bd 1
Pixel  1671 1    37.5278  -100.0000 139 0  0 0x0bd 1
Pixel  1672 1    50.5181   -92.5000 139 0  7 0x0bd 1
Pixel  1673 1    46.1880   -90.0000 139 0  5 0x0bd 1
Pixel  1674 1    46.1880   -95.0000 139 0  6 0x0bd 1
Pixel  1675 1    41.8579   -92.5000 139 0  4 0x0bd 1
Pixel  1676 1    33.1976  -102.5000 139 0 11 0x0bd 1
Pixel  1677 1    37.5278   -90.0000 139 0  9 0x0bd 1
Pixel  1678 1    33.1976   -97.5000 139 0 10 0x0bd 1
Pixel  1679 1    37.5278   -95.0000 139 0  8 0x0bd 1
Pixel  1680 1   115.4701   -10.0000 140 0  3 0x0c0 1
Pixel  1681 1   111.1399    -7.5000 140 0  1 0x0c0 1
Pixel  1682 1   111.1399   -12.5000 140 0  2 0x0c0 1
Pixel  1683 1   106.8098   -10.0000 140 0  0 0x0c0 1
Pixel  1684 1   119.8002    -2.5000 140 0  7 0x0c0 0
Pixel  1685 1   115.4701     0.0000 140 0  5 0x0c0 1
Pixel  1686 1   115.4701    -5.0000 140 0  6 0x0c0 1
Pixel  1687 1   111.1399    -2.5000 140 0  4 0x0c0 1
Pixel  1688 1   102.4797   -12.5000 140 0 11 0x0c0 1
Pixel  1689 1   106.8098     0.0000 140 0  9 0x0c0 1
Pixel  1690 1   102.4797    -7.5000 140 0 10 0x0c0 1
Pixel  1691 1   106.8098    -5.0000 140 0  8 0x0c0 1
Pixel  1692 1   106.8098   -25.0000 141 0  3 0x0c2 1
Pixel  1693 1   102.4797   -22.5000 141 0  1 0x0c2 1
Pixel  1694 1   102.4797   -27.5000 141 0  2 0x0c2 1
Pixel  1695 1    98.1495   -25.0000 141 0  0 0x0c2 1
Pixel  1696 1   111.1399   -17.5000 141 0  7 0x0c2 1
Pixel  1697 1   106.8098   -15.0000 141 0  5 0x0c2 1
Pixel  1698 1   106.8098   -20.0000 141 0  6 0x0c2 1
Pixel  1699 1   102.4797   -17.5000 141 0  4 0x0c2 1
Pixel  1700 1    93.8194   -27.5000 141 0 11 0x0c2 1
Pixel  1701 1    98.1495   -15.0000 141 0  9 0x0c2 1
Pixel  1702 1    93.8194   -22.5000 141 0 10 0x0c2 1
Pixel  1703 1    98.1495   -20.0000 141 0  8 0x0c2 1
Pixel  1704 1    98.1495   -40.0000 142 0  3 0x0c4 1
Pixel  1705 1    93.8194   -37.5000 142 0  1 0x0c4 1
Pixel  1706 1    93.8194   -42.5000 142 0  2 0x0c4 1
Pixel  1707 1    89.4893   -40.0000 142 0  0 0x0c4 1
Pixel  1708 1   102.4797   -32.5000 142 0  7 0x0c4 1
Pixel  1709 1    98.1495   -30.0000 142 0  5 0x0c4 1
Pixel  1710 1    98.1495   -35.0000 142 0  6 0x0c4 1
Pixel  1711 1    93.8194   -32.5000 142 0  4 0x0c4 1
Pixel  1712 1    85.1592   -42.5000 142 0 11 0x0c4 1
Pixel  1713 1    89.4893   -30.0000 142 0  9 0x0c4 1
Pixel  1714 1    85.1592   -37.5000 142 0 10 0x0c4 1
Pixel  1715 1    89.4893   -35.0000 142 0  8 0x0c4 1
Pixel  1716 1    89.4893   -55.0000 143 0  3 0x0c6 1
Pixel  1717 1    85.1592   -52.5000 143 0  1 0x0c6 1
Pixel  1718 1    85.1592   -57.5000 143 0  2 0x0c6 1
Pixel  1719 1    80.8290   -55.0000 143 0  0 0x0c6 1
Pixel  1720 1    93.8194   -47.5000 143 0  7 0x0c6 1
Pixel  1721 1    89.4893   -45.0000 143 0  5 0x0c6 1
Pixel  1722 1    89.4893   -50.0000 143 0  6 0x0c6 1
Pixel  1723 1    85.1592   -47.5000 143 0  4 0x0c6 1
Pixel  1724 1    76.4989   -57.5000 143 0 11 0x0c6 1
Pixel  1725 1    80.8290   -45.0000 143 0  9 0x0c6 1
Pixel  1726 1    76.4989   -52.5000 143 0 10 0x0c6 1
Pixel  1727 1    80.8290   -50.0000 143 0  8 0x0c6 1
Pixel  1728 1    80.8290   -70.0000 144 0  3 0x0c8 1
Pixel  1729 1    76.4989   -67.5000 144 0  1 0x0c8 1
Pixel  1730 1    76.4989   -72.5000 144 0  2 0x0c8 1
Pixel  1731 1    72.1688   -70.0000 144 0  0 0x0c8 1
Pixel  1732 1    85.1592   -62.5000 144 0  7 0x0c8 1
Pixel  1733 1    80.8290   -60.0000 144 0  5 0x0c8 1
Pixel  1734 1    80.8290   -65.0000 144 0  6 0x0c8 1
Pixel  1735 1    76.4989   -62.5000 144 0  4 0x0c8 1
Pixel  1736 1    67.8387   -72.5000 144 0 11 0x0c8 1
Pixel  1737 1    72.1688   -60.0000 144 0  9 0x0c8 1
Pixel  1738 1    67.8387   -67.5000 144 0 10 0x0c8 1
Pixel  1739 1    72.1688   -65.0000 144 0  8 0x0c8 1
Pixel  1740 1    72.1688   -85.0000 145 0  3 0x0ca 1
Pixel  1741 1    67.8387   -82.5000 145 0  1 0x0ca 1
Pixel  1742 1    67.8387   -87.5000 145 0  2 0x0ca 1
Pixel  1743 1    63.5085   -85.0000 145 0  0 0x0ca 1
Pixel  1744 1    76.4989   -77.5000 145 0  7 0x0ca 1
Pixel  1745 1    72.1688   -75.0000 145 0  5 0x0ca 1
Pixel  1746 1    72.1688   -80.0000 145 0  6 0x0ca 1
Pixel  1747 1    67.8387   -77.5000 145 0  4 0x0ca 1
Pixel  1748 1    59.1784   -87.5000 145 0 11 0x0ca 1
Pixel  1749 1    63.5085   -75.0000 145 0  9 0x0ca 1
Pixel  1750 1    59.1784   -82.5000 145 0 10 0x0ca 1
Pixel  1751 1    63.5085   -80.0000 145 0  8 0x0ca 1
Pixel  1752 1    63.5085  -100.0000 146 0  3 0x0cc 1
Pixel  1753 1    59.1784   -97.5000 146 0  1 0x0cc 1
Pixel  1754 1    59.1784  -102.5000 146 0  2 0x0cc 1
Pixel  1755 1    54.8483  -100.0000 146 0  0 0x0cc 1
Pixel  1756 1    67.8387   -92.5000 146 0  7 0x0cc 1
Pixel  1757 1    63.5085   -90.0000 146 0  5 0x0cc 1
Pixel  1758 1    63.5085   -95.0000 146 0  6 0x0cc 1
Pixel  1759 1    59.1784   -92.5000 146 0  4 0x0cc 1
Pixel  1760 1    50.5181  -102.5000 146 0 11 0x0cc 1
Pixel  1761 1    54.8483   -90.0000 146 0  9 0x0cc 1
Pixel  1762 1    50.5181   -97.5000 146 0 10 0x0cc 1
Pixel  1763 1    54.8483   -95.0000 146 0  8 0x0cc 1
